time	pelvis_imu	femur_r_imu	tibia_r_imu	femur_l_imu	tibia_l_imu
0.00000	-2.510000,-79.060000,0.000000	91.330000,4.980000,0.000000	85.890000,6.610000,0.000000	91.330000,4.980000,0.000000	85.890000,6.610000,0.000000
0.04368	-2.300000,-79.050000,0.000000	91.310000,4.960000,0.000000	85.890000,6.620000,0.000000	91.330000,4.980000,0.000000	85.890000,6.610000,0.000000
0.07744	-2.440000,-79.050000,0.000000	91.250000,4.930000,0.000000	85.910000,6.560000,0.000000	91.330000,4.980000,0.000000	85.890000,6.610000,0.000000
0.12918	-2.710000,-79.070000,0.000000	91.230000,4.960000,0.000000	85.910000,6.600000,0.000000	91.330000,4.980000,0.000000	85.890000,6.610000,0.000000
0.17773	-2.870000,-79.090000,0.000000	91.230000,4.990000,0.000000	85.900000,6.600000,0.000000	91.330000,4.980000,0.000000	85.890000,6.610000,0.000000
0.21708	-2.790000,-79.130000,0.000000	91.210000,4.980000,0.000000	85.880000,6.590000,0.000000	91.330000,4.980000,0.000000	85.890000,6.610000,0.000000
0.26119	-2.780000,-79.120000,0.000000	91.230000,4.910000,0.000000	85.870000,6.550000,0.000000	91.330000,4.980000,0.000000	85.890000,6.610000,0.000000
0.32300	-2.760000,-79.120000,0.000000	91.240000,4.880000,0.000000	85.880000,6.530000,0.000000	91.330000,4.980000,0.000000	85.890000,6.610000,0.000000
0.35870	-2.910000,-79.120000,0.000000	91.210000,4.890000,0.000000	85.820000,6.550000,0.000000	91.330000,4.980000,0.000000	85.890000,6.610000,0.000000
0.40357	-2.800000,-79.090000,0.000000	91.220000,4.890000,0.000000	85.820000,6.510000,0.000000	91.330000,4.980000,0.000000	85.890000,6.610000,0.000000
0.44972	-2.750000,-79.090000,0.000000	91.250000,4.870000,0.000000	85.820000,6.510000,0.000000	91.330000,4.980000,0.000000	85.890000,6.610000,0.000000
0.49316	-2.810000,-79.150000,0.000000	91.270000,4.760000,0.000000	85.890000,6.480000,0.000000	91.330000,4.980000,0.000000	85.890000,6.610000,0.000000
0.53385	-2.880000,-79.100000,0.000000	91.310000,4.740000,0.000000	85.930000,6.380000,0.000000	91.330000,4.980000,0.000000	85.890000,6.610000,0.000000
0.58405	-2.890000,-79.070000,0.000000	91.320000,4.740000,0.000000	85.920000,6.410000,0.000000	91.330000,4.980000,0.000000	85.890000,6.610000,0.000000
0.62610	-2.880000,-79.080000,0.000000	91.260000,4.800000,0.000000	85.880000,6.460000,0.000000	91.330000,4.980000,0.000000	85.890000,6.610000,0.000000
0.67063	-2.870000,-79.080000,0.000000	91.330000,4.850000,0.000000	85.830000,6.490000,0.000000	91.330000,4.980000,0.000000	85.890000,6.610000,0.000000
0.71863	-2.850000,-79.070000,0.000000	91.250000,4.870000,0.000000	85.800000,6.410000,0.000000	91.330000,4.980000,0.000000	85.890000,6.610000,0.000000
0.76252	-2.560000,-79.070000,0.000000	91.260000,4.940000,0.000000	85.820000,6.460000,0.000000	91.330000,4.980000,0.000000	85.890000,6.610000,0.000000
0.80867	-2.700000,-79.090000,0.000000	91.260000,5.060000,0.000000	85.760000,6.470000,0.000000	91.330000,4.980000,0.000000	85.890000,6.610000,0.000000
0.84619	-2.730000,-79.080000,0.000000	91.270000,5.010000,0.000000	85.720000,6.500000,0.000000	91.330000,4.980000,0.000000	85.890000,6.610000,0.000000
0.89464	-3.070000,-79.080000,0.000000	91.260000,4.920000,0.000000	85.770000,6.360000,0.000000	91.330000,4.980000,0.000000	85.890000,6.610000,0.000000
0.94390	-3.190000,-79.030000,0.000000	91.300000,4.810000,0.000000	85.780000,6.210000,0.000000	91.330000,4.980000,0.000000	85.890000,6.610000,0.000000
0.98372	-3.100000,-78.980000,0.000000	91.280000,4.800000,0.000000	85.750000,6.280000,0.000000	91.330000,4.980000,0.000000	85.890000,6.610000,0.000000
1.03372	-3.140000,-78.980000,0.000000	91.290000,4.860000,0.000000	85.710000,6.400000,0.000000	91.330000,4.980000,0.000000	85.890000,6.610000,0.000000
1.07859	-2.870000,-78.930000,0.000000	91.260000,4.980000,0.000000	85.680000,6.460000,0.000000	91.330000,4.980000,0.000000	85.890000,6.610000,0.000000
1.12365	-3.000000,-78.870000,0.000000	91.230000,4.990000,0.000000	85.720000,6.450000,0.000000	91.330000,4.980000,0.000000	85.890000,6.610000,0.000000
1.16805	-2.940000,-78.910000,0.000000	91.220000,4.960000,0.000000	85.730000,6.430000,0.000000	91.330000,4.980000,0.000000	85.890000,6.610000,0.000000
1.21475	-3.070000,-78.930000,0.000000	91.210000,4.920000,0.000000	85.680000,6.420000,0.000000	91.330000,4.980000,0.000000	85.890000,6.610000,0.000000
1.24780	-3.130000,-78.930000,0.000000	91.220000,4.870000,0.000000	85.660000,6.360000,0.000000	91.330000,4.980000,0.000000	85.890000,6.610000,0.000000
1.39293	-3.090000,-78.970000,0.000000	91.170000,4.860000,0.000000	85.710000,6.350000,0.000000	91.330000,4.980000,0.000000	85.890000,6.610000,0.000000
1.39575	-3.080000,-78.980000,0.000000	91.180000,4.840000,0.000000	85.710000,6.340000,0.000000	91.330000,4.980000,0.000000	85.890000,6.610000,0.000000
1.39799	-3.100000,-78.900000,0.000000	91.210000,4.790000,0.000000	85.790000,6.290000,0.000000	91.330000,4.980000,0.000000	85.890000,6.610000,0.000000
1.52221	-2.750000,-78.900000,0.000000	91.220000,4.760000,0.000000	85.790000,6.340000,0.000000	91.330000,4.980000,0.000000	85.890000,6.610000,0.000000
1.52462	-2.610000,-78.900000,0.000000	91.200000,4.750000,0.000000	85.750000,6.310000,0.000000	91.330000,4.980000,0.000000	85.890000,6.610000,0.000000
1.56050	-3.150000,-78.900000,0.000000	91.250000,4.730000,0.000000	85.650000,6.220000,0.000000	91.330000,4.980000,0.000000	85.890000,6.610000,0.000000
1.57567	-2.930000,-78.950000,0.000000	91.320000,4.730000,0.000000	85.600000,6.440000,0.000000	91.330000,4.980000,0.000000	85.890000,6.610000,0.000000
1.62761	-2.360000,-79.000000,0.000000	91.460000,4.710000,0.000000	85.720000,6.230000,0.000000	91.330000,4.980000,0.000000	85.890000,6.610000,0.000000
1.75309	-1.510000,-79.100000,0.000000	91.610000,4.480000,0.000000	85.950000,6.050000,0.000000	91.330000,4.980000,0.000000	85.890000,6.610000,0.000000
1.75522	-0.280000,-79.040000,0.000000	91.760000,4.470000,0.000000	86.040000,6.140000,0.000000	91.330000,4.980000,0.000000	85.890000,6.610000,0.000000
1.75753	1.160000,-78.980000,0.000000	91.690000,4.480000,0.000000	86.050000,6.150000,0.000000	91.330000,4.980000,0.000000	85.890000,6.610000,0.000000
1.81040	1.820000,-78.840000,0.000000	91.490000,4.470000,0.000000	86.030000,5.860000,0.000000	91.330000,4.980000,0.000000	85.890000,6.610000,0.000000
1.86123	2.710000,-78.920000,0.000000	91.460000,4.510000,0.000000	85.940000,6.190000,0.000000	91.330000,4.980000,0.000000	85.890000,6.610000,0.000000
1.92788	2.950000,-78.910000,0.000000	91.350000,4.200000,0.000000	85.870000,5.790000,0.000000	91.330000,4.980000,0.000000	85.890000,6.610000,0.000000
1.93514	2.640000,-78.930000,0.000000	91.230000,3.660000,0.000000	85.760000,5.340000,0.000000	91.330000,4.980000,0.000000	85.890000,6.610000,0.000000
1.99422	2.300000,-78.820000,0.000000	90.970000,2.890000,0.000000	85.830000,5.070000,0.000000	91.330000,4.980000,0.000000	85.890000,6.610000,0.000000
2.04359	2.020000,-78.790000,0.000000	90.490000,2.160000,0.000000	86.040000,5.010000,0.000000	91.330000,4.980000,0.000000	85.890000,6.610000,0.000000
2.10983	2.460000,-78.830000,0.000000	90.050000,1.120000,0.000000	86.070000,4.400000,0.000000	91.330000,4.980000,0.000000	85.890000,6.610000,0.000000
2.11620	1.280000,-78.840000,0.000000	89.860000,0.080000,0.000000	86.170000,4.870000,0.000000	91.330000,4.980000,0.000000	85.890000,6.610000,0.000000
2.17098	-0.110000,-78.910000,0.000000	89.670000,-1.460000,0.000000	86.120000,5.600000,0.000000	91.330000,4.980000,0.000000	85.890000,6.610000,0.000000
2.22824	-0.420000,-79.010000,0.000000	89.410000,-3.040000,0.000000	85.640000,6.450000,0.000000	91.330000,4.980000,0.000000	85.890000,6.610000,0.000000
2.29423	-1.400000,-79.140000,0.000000	89.280000,-4.900000,0.000000	84.920000,7.040000,0.000000	91.330000,4.980000,0.000000	85.890000,6.610000,0.000000
2.29660	-1.770000,-79.230000,0.000000	89.250000,-7.100000,0.000000	84.250000,8.210000,0.000000	91.330000,4.980000,0.000000	85.890000,6.610000,0.000000
2.34410	-2.630000,-79.220000,0.000000	88.730000,-9.300000,0.000000	83.670000,9.540000,0.000000	91.330000,4.980000,0.000000	85.890000,6.610000,0.000000
2.40963	-2.200000,-79.560000,0.000000	88.800000,-12.100000,0.000000	83.040000,9.450000,0.000000	91.330000,4.980000,0.000000	85.890000,6.610000,0.000000
2.46032	-4.460000,-79.820000,0.000000	88.730000,-15.090000,0.000000	82.340000,11.110000,0.000000	91.330000,4.980000,0.000000	85.890000,6.610000,0.000000
2.47641	-7.310000,-79.850000,0.000000	88.930000,-18.100000,0.000000	81.760000,13.030000,0.000000	91.330000,4.980000,0.000000	85.890000,6.610000,0.000000
2.52863	-9.030000,-80.140000,0.000000	88.680000,-21.010000,0.000000	81.320000,14.720000,0.000000	91.330000,4.980000,0.000000	85.890000,6.610000,0.000000
2.59402	-9.150000,-80.420000,0.000000	88.160000,-24.100000,0.000000	80.800000,16.440000,0.000000	91.330000,4.980000,0.000000	85.890000,6.610000,0.000000
2.64666	-10.710000,-80.500000,0.000000	87.610000,-27.260000,0.000000	80.450000,17.940000,0.000000	91.330000,4.980000,0.000000	85.890000,6.610000,0.000000
2.65465	-11.260000,-80.660000,0.000000	86.450000,-30.520000,0.000000	80.160000,19.440000,0.000000	91.330000,4.980000,0.000000	85.890000,6.610000,0.000000
2.71127	-14.000000,-80.690000,0.000000	85.200000,-33.860000,0.000000	80.060000,21.080000,0.000000	91.330000,4.980000,0.000000	85.890000,6.610000,0.000000
2.77363	-15.240000,-80.950000,0.000000	83.830000,-37.080000,0.000000	80.060000,22.670000,0.000000	91.330000,4.980000,0.000000	85.890000,6.610000,0.000000
2.77634	-17.540000,-81.130000,0.000000	82.140000,-40.350000,0.000000	80.050000,24.090000,0.000000	91.330000,4.980000,0.000000	85.890000,6.610000,0.000000
2.82944	-19.840000,-81.120000,0.000000	80.350000,-43.750000,0.000000	79.960000,25.380000,0.000000	91.330000,4.980000,0.000000	85.890000,6.610000,0.000000
2.89388	-21.120000,-81.250000,0.000000	78.740000,-46.790000,0.000000	79.890000,26.570000,0.000000	91.330000,4.980000,0.000000	85.890000,6.610000,0.000000
2.94464	-23.330000,-81.390000,0.000000	77.850000,-49.640000,0.000000	79.920000,27.940000,0.000000	91.330000,4.980000,0.000000	85.890000,6.610000,0.000000
3.01296	-24.030000,-81.620000,0.000000	76.710000,-52.240000,0.000000	79.870000,28.870000,0.000000	91.330000,4.980000,0.000000	85.890000,6.610000,0.000000
3.01808	-26.110000,-81.670000,0.000000	76.310000,-54.480000,0.000000	79.730000,29.700000,0.000000	91.330000,4.980000,0.000000	85.890000,6.610000,0.000000
3.06397	-26.230000,-81.630000,0.000000	75.500000,-56.480000,0.000000	79.740000,30.700000,0.000000	91.330000,4.980000,0.000000	85.890000,6.610000,0.000000
3.12816	-29.110000,-81.720000,0.000000	75.570000,-58.190000,0.000000	79.900000,31.450000,0.000000	91.330000,4.980000,0.000000	85.890000,6.610000,0.000000
3.19313	-29.250000,-81.700000,0.000000	74.880000,-59.510000,0.000000	79.500000,31.950000,0.000000	91.330000,4.980000,0.000000	85.890000,6.610000,0.000000
3.19465	-31.210000,-81.820000,0.000000	74.860000,-60.150000,0.000000	79.630000,32.360000,0.000000	91.330000,4.980000,0.000000	85.890000,6.610000,0.000000
3.24376	-29.790000,-81.810000,0.000000	74.930000,-60.820000,0.000000	78.550000,33.320000,0.000000	91.330000,4.980000,0.000000	85.890000,6.610000,0.000000
3.31108	-30.420000,-81.710000,0.000000	75.390000,-61.000000,0.000000	78.640000,33.530000,0.000000	91.330000,4.980000,0.000000	85.890000,6.610000,0.000000
3.36209	-29.430000,-81.470000,0.000000	74.860000,-61.120000,0.000000	77.090000,34.450000,0.000000	91.330000,4.980000,0.000000	85.890000,6.610000,0.000000
3.37615	-30.400000,-81.230000,0.000000	75.240000,-60.660000,0.000000	77.140000,34.580000,0.000000	91.330000,4.980000,0.000000	85.890000,6.610000,0.000000
3.42837	-29.590000,-81.290000,0.000000	75.840000,-60.380000,0.000000	76.550000,35.850000,0.000000	91.330000,4.980000,0.000000	85.890000,6.610000,0.000000
3.49373	-29.910000,-81.250000,0.000000	76.600000,-59.360000,0.000000	76.450000,35.880000,0.000000	91.330000,4.980000,0.000000	85.890000,6.610000,0.000000
3.54429	-26.900000,-81.300000,0.000000	77.730000,-58.200000,0.000000	75.830000,37.280000,0.000000	91.330000,4.980000,0.000000	85.890000,6.610000,0.000000
3.55669	-28.390000,-81.330000,0.000000	78.660000,-57.050000,0.000000	76.020000,37.130000,0.000000	91.330000,4.980000,0.000000	85.890000,6.610000,0.000000
3.61152	-27.480000,-81.260000,0.000000	79.400000,-55.180000,0.000000	75.500000,37.610000,0.000000	91.330000,4.980000,0.000000	85.890000,6.610000,0.000000
3.66160	-27.600000,-81.380000,0.000000	80.480000,-53.170000,0.000000	75.870000,37.730000,0.000000	91.330000,4.980000,0.000000	85.890000,6.610000,0.000000
3.72751	-26.200000,-81.270000,0.000000	80.890000,-51.020000,0.000000	76.210000,36.650000,0.000000	91.330000,4.980000,0.000000	85.890000,6.610000,0.000000
3.73561	-23.400000,-81.160000,0.000000	81.650000,-48.560000,0.000000	76.220000,35.930000,0.000000	91.330000,4.980000,0.000000	85.890000,6.610000,0.000000
3.79404	-24.890000,-81.060000,0.000000	82.180000,-46.380000,0.000000	76.620000,33.790000,0.000000	91.330000,4.980000,0.000000	85.890000,6.610000,0.000000
3.84518	-22.990000,-80.630000,0.000000	82.450000,-44.210000,0.000000	76.730000,32.120000,0.000000	91.330000,4.980000,0.000000	85.890000,6.610000,0.000000
3.91086	-22.430000,-80.280000,0.000000	82.900000,-41.980000,0.000000	77.600000,30.610000,0.000000	91.330000,4.980000,0.000000	85.890000,6.610000,0.000000
3.91573	-20.420000,-80.080000,0.000000	83.480000,-39.400000,0.000000	78.110000,28.860000,0.000000	91.330000,4.980000,0.000000	85.890000,6.610000,0.000000
3.97453	-19.030000,-79.960000,0.000000	83.880000,-36.810000,0.000000	78.490000,27.720000,0.000000	91.330000,4.980000,0.000000	85.890000,6.610000,0.000000
4.02817	-18.950000,-79.990000,0.000000	84.530000,-34.480000,0.000000	79.180000,26.200000,0.000000	91.330000,4.980000,0.000000	85.890000,6.610000,0.000000
4.09220	-16.480000,-79.930000,0.000000	85.160000,-31.790000,0.000000	79.400000,25.090000,0.000000	91.330000,4.980000,0.000000	85.890000,6.610000,0.000000
4.09511	-15.840000,-79.820000,0.000000	85.600000,-29.690000,0.000000	79.770000,23.630000,0.000000	91.330000,4.980000,0.000000	85.890000,6.610000,0.000000
4.15249	-14.320000,-79.690000,0.000000	86.020000,-27.510000,0.000000	80.400000,22.310000,0.000000	91.330000,4.980000,0.000000	85.890000,6.610000,0.000000
4.21095	-12.360000,-79.470000,0.000000	86.620000,-25.490000,0.000000	80.680000,20.980000,0.000000	91.330000,4.980000,0.000000	85.890000,6.610000,0.000000
4.26081	-11.180000,-79.340000,0.000000	87.100000,-23.690000,0.000000	81.090000,19.630000,0.000000	91.330000,4.980000,0.000000	85.890000,6.610000,0.000000
4.28206	-9.030000,-79.150000,0.000000	87.380000,-22.110000,0.000000	81.860000,18.790000,0.000000	91.330000,4.980000,0.000000	85.890000,6.610000,0.000000
4.33340	-7.700000,-79.010000,0.000000	87.820000,-21.030000,0.000000	82.380000,17.340000,0.000000	91.330000,4.980000,0.000000	85.890000,6.610000,0.000000
4.39422	-6.540000,-78.860000,0.000000	88.220000,-20.080000,0.000000	82.630000,16.590000,0.000000	91.330000,4.980000,0.000000	85.890000,6.610000,0.000000
4.44479	-5.380000,-78.750000,0.000000	88.620000,-19.400000,0.000000	82.570000,15.890000,0.000000	91.330000,4.980000,0.000000	85.890000,6.610000,0.000000
4.45560	-3.360000,-78.710000,0.000000	88.980000,-19.010000,0.000000	82.460000,16.060000,0.000000	91.330000,4.980000,0.000000	85.890000,6.610000,0.000000
4.50947	-1.750000,-78.720000,0.000000	89.250000,-18.710000,0.000000	82.270000,16.420000,0.000000	91.330000,4.980000,0.000000	85.890000,6.610000,0.000000
4.56776	0.120000,-78.720000,0.000000	89.640000,-18.980000,0.000000	82.000000,17.030000,0.000000	91.330000,4.980000,0.000000	85.890000,6.610000,0.000000
4.62768	0.090000,-78.740000,0.000000	90.170000,-19.750000,0.000000	81.770000,17.620000,0.000000	91.330000,4.980000,0.000000	85.890000,6.610000,0.000000
4.63506	1.880000,-78.620000,0.000000	90.760000,-20.490000,0.000000	81.650000,18.490000,0.000000	91.330000,4.980000,0.000000	85.890000,6.610000,0.000000
4.69570	1.460000,-78.730000,0.000000	90.940000,-21.910000,0.000000	81.470000,19.210000,0.000000	91.330000,4.980000,0.000000	85.890000,6.610000,0.000000
4.74865	0.490000,-78.840000,0.000000	91.430000,-23.650000,0.000000	81.500000,19.750000,0.000000	91.330000,4.980000,0.000000	85.890000,6.610000,0.000000
4.81296	0.260000,-79.040000,0.000000	91.520000,-25.430000,0.000000	81.460000,20.750000,0.000000	91.330000,4.980000,0.000000	85.890000,6.610000,0.000000
4.81545	1.710000,-79.400000,0.000000	91.670000,-27.550000,0.000000	81.340000,21.350000,0.000000	91.330000,4.980000,0.000000	85.890000,6.610000,0.000000
4.86621	2.350000,-79.630000,0.000000	90.930000,-29.950000,0.000000	81.300000,21.690000,0.000000	91.330000,4.980000,0.000000	85.890000,6.610000,0.000000
4.92719	1.890000,-80.140000,0.000000	90.430000,-32.580000,0.000000	81.260000,22.160000,0.000000	91.330000,4.980000,0.000000	85.890000,6.610000,0.000000
4.99378	2.410000,-80.410000,0.000000	89.210000,-35.280000,0.000000	81.650000,23.010000,0.000000	91.330000,4.980000,0.000000	85.890000,6.610000,0.000000
4.99651	-0.720000,-80.570000,0.000000	87.910000,-38.080000,0.000000	82.050000,23.880000,0.000000	91.330000,4.980000,0.000000	85.890000,6.610000,0.000000
5.04424	-4.040000,-80.910000,0.000000	86.990000,-40.860000,0.000000	82.240000,24.830000,0.000000	91.330000,4.980000,0.000000	85.890000,6.610000,0.000000
5.10945	-5.790000,-81.030000,0.000000	85.320000,-43.640000,0.000000	82.780000,25.760000,0.000000	91.330000,4.980000,0.000000	85.890000,6.610000,0.000000
5.16711	-8.730000,-81.190000,0.000000	82.670000,-46.670000,0.000000	83.190000,26.760000,0.000000	91.330000,4.980000,0.000000	85.890000,6.610000,0.000000
5.17592	-10.520000,-81.520000,0.000000	80.460000,-49.430000,0.000000	84.370000,27.550000,0.000000	91.330000,4.980000,0.000000	85.890000,6.610000,0.000000
5.22836	-14.270000,-81.640000,0.000000	78.140000,-52.020000,0.000000	84.990000,28.530000,0.000000	91.330000,4.980000,0.000000	85.890000,6.610000,0.000000
5.29219	-16.590000,-81.900000,0.000000	76.570000,-54.360000,0.000000	85.370000,29.020000,0.000000	91.330000,4.980000,0.000000	85.890000,6.610000,0.000000
5.35331	-20.780000,-82.190000,0.000000	74.980000,-56.360000,0.000000	85.540000,29.850000,0.000000	91.330000,4.980000,0.000000	85.890000,6.610000,0.000000
5.35520	-24.420000,-82.260000,0.000000	73.610000,-58.080000,0.000000	85.510000,30.300000,0.000000	91.330000,4.980000,0.000000	85.890000,6.610000,0.000000
5.41021	-26.390000,-82.260000,0.000000	72.800000,-59.160000,0.000000	85.520000,31.040000,0.000000	91.330000,4.980000,0.000000	85.890000,6.610000,0.000000
5.46302	-28.950000,-82.370000,0.000000	72.650000,-60.110000,0.000000	85.030000,31.940000,0.000000	91.330000,4.980000,0.000000	85.890000,6.610000,0.000000
5.52884	-30.950000,-82.680000,0.000000	72.750000,-60.660000,0.000000	84.560000,32.790000,0.000000	91.330000,4.980000,0.000000	85.890000,6.610000,0.000000
5.53493	-33.550000,-82.980000,0.000000	73.620000,-61.090000,0.000000	83.920000,33.120000,0.000000	91.330000,4.980000,0.000000	85.890000,6.610000,0.000000
5.59437	-34.320000,-82.970000,0.000000	73.090000,-60.840000,0.000000	82.820000,33.950000,0.000000	91.330000,4.980000,0.000000	85.890000,6.610000,0.000000
5.64981	-35.990000,-83.110000,0.000000	73.800000,-60.050000,0.000000	82.450000,34.040000,0.000000	91.330000,4.980000,0.000000	85.890000,6.610000,0.000000
5.71137	-31.870000,-83.000000,0.000000	73.740000,-58.570000,0.000000	80.980000,34.680000,0.000000	91.330000,4.980000,0.000000	85.890000,6.610000,0.000000
5.71613	-32.310000,-83.070000,0.000000	75.180000,-57.220000,0.000000	80.570000,34.800000,0.000000	91.330000,4.980000,0.000000	85.890000,6.610000,0.000000
5.76410	-32.700000,-82.990000,0.000000	76.120000,-55.620000,0.000000	79.590000,35.320000,0.000000	91.330000,4.980000,0.000000	85.890000,6.610000,0.000000
5.82715	-32.720000,-82.870000,0.000000	77.240000,-53.540000,0.000000	79.390000,34.630000,0.000000	91.330000,4.980000,0.000000	85.890000,6.610000,0.000000
5.89548	-28.980000,-82.720000,0.000000	78.290000,-50.800000,0.000000	78.990000,34.050000,0.000000	91.330000,4.980000,0.000000	85.890000,6.610000,0.000000
5.89767	-29.520000,-82.680000,0.000000	79.180000,-48.000000,0.000000	79.280000,32.430000,0.000000	91.330000,4.980000,0.000000	85.890000,6.610000,0.000000
5.94405	-26.870000,-82.430000,0.000000	79.860000,-45.720000,0.000000	79.540000,30.450000,0.000000	91.330000,4.980000,0.000000	85.890000,6.610000,0.000000
6.01147	-24.470000,-81.950000,0.000000	80.150000,-43.220000,0.000000	79.540000,29.270000,0.000000	91.330000,4.980000,0.000000	85.890000,6.610000,0.000000
6.06646	-24.150000,-81.690000,0.000000	80.700000,-40.750000,0.000000	80.200000,27.330000,0.000000	91.330000,4.980000,0.000000	85.890000,6.610000,0.000000
6.07546	-20.810000,-81.290000,0.000000	81.570000,-37.910000,0.000000	80.260000,25.770000,0.000000	91.330000,4.980000,0.000000	85.890000,6.610000,0.000000
6.12680	-21.540000,-81.180000,0.000000	82.200000,-35.220000,0.000000	80.190000,24.850000,0.000000	91.330000,4.980000,0.000000	85.890000,6.610000,0.000000
6.18414	-21.440000,-81.180000,0.000000	83.030000,-32.430000,0.000000	80.570000,23.490000,0.000000	91.330000,4.980000,0.000000	85.890000,6.610000,0.000000
6.25047	-18.520000,-81.130000,0.000000	83.550000,-29.450000,0.000000	80.720000,22.740000,0.000000	91.330000,4.980000,0.000000	85.890000,6.610000,0.000000
6.25517	-17.830000,-80.940000,0.000000	83.990000,-26.850000,0.000000	80.850000,22.220000,0.000000	91.330000,4.980000,0.000000	85.890000,6.610000,0.000000
6.31111	-15.900000,-80.770000,0.000000	84.350000,-24.050000,0.000000	80.860000,21.920000,0.000000	91.330000,4.980000,0.000000	85.890000,6.610000,0.000000
6.36084	-14.570000,-80.670000,0.000000	84.730000,-21.600000,0.000000	80.770000,20.980000,0.000000	91.330000,4.980000,0.000000	85.890000,6.610000,0.000000
6.42751	-14.410000,-80.560000,0.000000	85.060000,-19.240000,0.000000	80.760000,20.240000,0.000000	91.330000,4.980000,0.000000	85.890000,6.610000,0.000000
6.43498	-13.300000,-80.580000,0.000000	85.450000,-16.920000,0.000000	80.810000,19.250000,0.000000	91.330000,4.980000,0.000000	85.890000,6.610000,0.000000
6.49464	-12.610000,-80.620000,0.000000	85.500000,-14.970000,0.000000	80.420000,18.210000,0.000000	91.330000,4.980000,0.000000	85.890000,6.610000,0.000000
6.54465	-11.590000,-80.580000,0.000000	85.710000,-12.870000,0.000000	80.670000,17.830000,0.000000	91.330000,4.980000,0.000000	85.890000,6.610000,0.000000
6.61085	-10.560000,-80.590000,0.000000	86.110000,-10.800000,0.000000	80.850000,17.580000,0.000000	91.330000,4.980000,0.000000	85.890000,6.610000,0.000000
6.61509	-8.610000,-80.580000,0.000000	86.360000,-8.780000,0.000000	80.750000,17.070000,0.000000	91.330000,4.980000,0.000000	85.890000,6.610000,0.000000
6.66065	-6.800000,-80.580000,0.000000	86.560000,-6.810000,0.000000	80.690000,16.740000,0.000000	91.330000,4.980000,0.000000	85.890000,6.610000,0.000000
6.72886	-5.460000,-80.460000,0.000000	86.870000,-5.400000,0.000000	80.820000,16.450000,0.000000	91.330000,4.980000,0.000000	85.890000,6.610000,0.000000
6.79277	-4.340000,-80.400000,0.000000	87.210000,-4.030000,0.000000	80.890000,16.270000,0.000000	91.330000,4.980000,0.000000	85.890000,6.610000,0.000000
6.79518	-2.280000,-80.380000,0.000000	87.410000,-2.820000,0.000000	81.150000,15.400000,0.000000	91.330000,4.980000,0.000000	85.890000,6.610000,0.000000
6.90588	-0.580000,-80.210000,0.000000	87.780000,-2.110000,0.000000	81.560000,14.470000,0.000000	91.330000,4.980000,0.000000	85.890000,6.610000,0.000000
6.91516	0.480000,-80.150000,0.000000	88.060000,-1.620000,0.000000	81.910000,13.570000,0.000000	91.330000,4.980000,0.000000	85.890000,6.610000,0.000000
6.91735	1.090000,-80.110000,0.000000	88.340000,-1.030000,0.000000	82.290000,13.000000,0.000000	91.330000,4.980000,0.000000	85.890000,6.610000,0.000000
7.01500	1.110000,-79.920000,0.000000	88.580000,-0.230000,0.000000	82.760000,12.710000,0.000000	91.330000,4.980000,0.000000	85.890000,6.610000,0.000000
7.03487	1.340000,-79.760000,0.000000	88.670000,0.270000,0.000000	82.670000,12.390000,0.000000	91.330000,4.980000,0.000000	85.890000,6.610000,0.000000
7.09192	2.140000,-79.570000,0.000000	88.790000,0.670000,0.000000	82.410000,11.750000,0.000000	91.330000,4.980000,0.000000	85.890000,6.610000,0.000000
7.14387	3.270000,-79.560000,0.000000	88.740000,0.570000,0.000000	82.470000,11.650000,0.000000	91.330000,4.980000,0.000000	85.890000,6.610000,0.000000
7.15507	3.210000,-79.420000,0.000000	88.940000,0.260000,0.000000	82.440000,11.670000,0.000000	91.330000,4.980000,0.000000	85.890000,6.610000,0.000000
7.21035	4.380000,-79.420000,0.000000	89.300000,-0.330000,0.000000	82.070000,11.810000,0.000000	91.330000,4.980000,0.000000	85.890000,6.610000,0.000000
7.26050	5.280000,-79.450000,0.000000	89.440000,-1.160000,0.000000	81.810000,12.040000,0.000000	91.330000,4.980000,0.000000	85.890000,6.610000,0.000000
7.32732	4.460000,-79.490000,0.000000	89.670000,-2.420000,0.000000	81.490000,12.560000,0.000000	91.330000,4.980000,0.000000	85.890000,6.610000,0.000000
7.33488	3.740000,-79.500000,0.000000	89.980000,-4.000000,0.000000	81.360000,13.130000,0.000000	91.330000,4.980000,0.000000	85.890000,6.610000,0.000000
7.39347	4.270000,-79.540000,0.000000	90.350000,-5.380000,0.000000	81.350000,14.050000,0.000000	91.330000,4.980000,0.000000	85.890000,6.610000,0.000000
7.44565	3.490000,-79.520000,0.000000	90.610000,-7.010000,0.000000	81.220000,14.880000,0.000000	91.330000,4.980000,0.000000	85.890000,6.610000,0.000000
7.51060	3.740000,-79.490000,0.000000	90.770000,-9.010000,0.000000	80.930000,15.680000,0.000000	91.330000,4.980000,0.000000	85.890000,6.610000,0.000000
7.51457	3.730000,-79.560000,0.000000	90.890000,-11.070000,0.000000	80.930000,16.240000,0.000000	91.330000,4.980000,0.000000	85.890000,6.610000,0.000000
7.57339	2.750000,-79.680000,0.000000	90.520000,-13.460000,0.000000	80.760000,16.670000,0.000000	91.330000,4.980000,0.000000	85.890000,6.610000,0.000000
7.62841	0.230000,-79.600000,0.000000	89.750000,-15.950000,0.000000	80.540000,17.320000,0.000000	91.330000,4.980000,0.000000	85.890000,6.610000,0.000000
7.69267	-2.790000,-79.420000,0.000000	89.680000,-18.890000,0.000000	80.680000,18.020000,0.000000	91.330000,4.980000,0.000000	85.890000,6.610000,0.000000
7.69487	-4.660000,-79.610000,0.000000	89.340000,-21.640000,0.000000	80.730000,18.460000,0.000000	91.330000,4.980000,0.000000	85.890000,6.610000,0.000000
7.74526	-4.620000,-79.900000,0.000000	88.870000,-24.450000,0.000000	80.640000,19.360000,0.000000	91.330000,4.980000,0.000000	85.890000,6.610000,0.000000
7.81121	-4.850000,-80.010000,0.000000	87.830000,-27.230000,0.000000	80.190000,20.590000,0.000000	91.330000,4.980000,0.000000	85.890000,6.610000,0.000000
7.86231	-5.520000,-80.030000,0.000000	87.250000,-29.880000,0.000000	79.880000,21.550000,0.000000	91.330000,4.980000,0.000000	85.890000,6.610000,0.000000
7.87524	-6.310000,-80.060000,0.000000	86.590000,-32.650000,0.000000	79.850000,22.280000,0.000000	91.330000,4.980000,0.000000	85.890000,6.610000,0.000000
7.92729	-6.190000,-80.000000,0.000000	85.460000,-35.360000,0.000000	79.710000,22.850000,0.000000	91.330000,4.980000,0.000000	85.890000,6.610000,0.000000
7.99338	-7.060000,-80.040000,0.000000	84.420000,-38.300000,0.000000	79.680000,23.130000,0.000000	91.330000,4.980000,0.000000	85.890000,6.610000,0.000000
8.05352	-11.250000,-79.910000,0.000000	83.890000,-41.320000,0.000000	79.950000,23.710000,0.000000	91.330000,4.980000,0.000000	85.890000,6.610000,0.000000
8.05598	-13.250000,-80.130000,0.000000	82.900000,-43.800000,0.000000	80.080000,24.320000,0.000000	91.330000,4.980000,0.000000	85.890000,6.610000,0.000000
8.11361	-17.010000,-80.340000,0.000000	81.660000,-45.550000,0.000000	79.890000,25.530000,0.000000	91.330000,4.980000,0.000000	85.890000,6.610000,0.000000
8.17534	-20.000000,-80.630000,0.000000	81.270000,-46.900000,0.000000	79.380000,26.800000,0.000000	91.330000,4.980000,0.000000	85.890000,6.610000,0.000000
8.22546	-22.040000,-80.900000,0.000000	80.710000,-47.930000,0.000000	78.250000,27.850000,0.000000	91.330000,4.980000,0.000000	85.890000,6.610000,0.000000
8.23587	-22.050000,-81.010000,0.000000	80.290000,-48.490000,0.000000	77.920000,28.960000,0.000000	91.330000,4.980000,0.000000	85.890000,6.610000,0.000000
8.29309	-23.650000,-81.440000,0.000000	80.980000,-49.040000,0.000000	76.810000,30.690000,0.000000	91.330000,4.980000,0.000000	85.890000,6.610000,0.000000
8.34483	-23.540000,-81.390000,0.000000	80.470000,-48.490000,0.000000	76.090000,31.050000,0.000000	91.330000,4.980000,0.000000	85.890000,6.610000,0.000000
8.41154	-18.060000,-81.780000,0.000000	81.640000,-47.990000,0.000000	75.280000,32.050000,0.000000	91.330000,4.980000,0.000000	85.890000,6.610000,0.000000
8.41473	-18.900000,-81.480000,0.000000	81.110000,-46.760000,0.000000	74.630000,31.060000,0.000000	91.330000,4.980000,0.000000	85.890000,6.610000,0.000000
8.46251	-15.530000,-81.410000,0.000000	81.610000,-45.880000,0.000000	73.610000,31.930000,0.000000	91.330000,4.980000,0.000000	85.890000,6.610000,0.000000
8.52742	-18.450000,-80.980000,0.000000	82.400000,-44.790000,0.000000	73.620000,30.420000,0.000000	91.330000,4.980000,0.000000	85.890000,6.610000,0.000000
8.59322	-15.720000,-80.760000,0.000000	82.550000,-43.350000,0.000000	73.310000,29.840000,0.000000	91.330000,4.980000,0.000000	85.890000,6.610000,0.000000
8.59518	-18.860000,-80.650000,0.000000	82.850000,-41.710000,0.000000	73.910000,28.560000,0.000000	91.330000,4.980000,0.000000	85.890000,6.610000,0.000000
8.64990	-19.390000,-80.520000,0.000000	82.800000,-39.470000,0.000000	74.310000,27.100000,0.000000	91.330000,4.980000,0.000000	85.890000,6.610000,0.000000
8.71010	-18.050000,-80.590000,0.000000	82.870000,-37.210000,0.000000	74.570000,25.690000,0.000000	91.330000,4.980000,0.000000	85.890000,6.610000,0.000000
8.76268	-20.090000,-80.270000,0.000000	82.630000,-35.340000,0.000000	75.870000,23.940000,0.000000	91.330000,4.980000,0.000000	85.890000,6.610000,0.000000
8.77527	-18.430000,-80.070000,0.000000	83.180000,-33.320000,0.000000	76.700000,22.580000,0.000000	91.330000,4.980000,0.000000	85.890000,6.610000,0.000000
8.82767	-18.810000,-79.810000,0.000000	83.760000,-31.280000,0.000000	77.280000,21.450000,0.000000	91.330000,4.980000,0.000000	85.890000,6.610000,0.000000
8.89201	-19.820000,-79.500000,0.000000	84.110000,-28.980000,0.000000	77.690000,19.830000,0.000000	91.330000,4.980000,0.000000	85.890000,6.610000,0.000000
8.94358	-18.530000,-79.510000,0.000000	84.230000,-26.580000,0.000000	77.790000,18.780000,0.000000	91.330000,4.980000,0.000000	85.890000,6.610000,0.000000
8.95458	-18.090000,-79.360000,0.000000	84.360000,-24.110000,0.000000	77.990000,18.250000,0.000000	91.330000,4.980000,0.000000	85.890000,6.610000,0.000000
9.01012	-16.660000,-79.370000,0.000000	84.320000,-21.510000,0.000000	78.010000,17.520000,0.000000	91.330000,4.980000,0.000000	85.890000,6.610000,0.000000
9.07321	-15.830000,-79.250000,0.000000	84.250000,-19.150000,0.000000	78.130000,16.940000,0.000000	91.330000,4.980000,0.000000	85.890000,6.610000,0.000000
9.13398	-15.860000,-79.040000,0.000000	84.250000,-17.370000,0.000000	78.220000,15.640000,0.000000	91.330000,4.980000,0.000000	85.890000,6.610000,0.000000
9.13639	-16.800000,-78.900000,0.000000	84.340000,-15.600000,0.000000	78.200000,14.710000,0.000000	91.330000,4.980000,0.000000	85.890000,6.610000,0.000000
9.19313	-17.810000,-78.790000,0.000000	84.450000,-13.750000,0.000000	78.610000,14.510000,0.000000	91.330000,4.980000,0.000000	85.890000,6.610000,0.000000
9.24947	-18.060000,-78.700000,0.000000	84.560000,-11.930000,0.000000	78.800000,13.910000,0.000000	91.330000,4.980000,0.000000	85.890000,6.610000,0.000000
9.31120	-17.240000,-78.730000,0.000000	84.630000,-10.290000,0.000000	79.110000,13.660000,0.000000	91.330000,4.980000,0.000000	85.890000,6.610000,0.000000
9.31471	-16.040000,-78.800000,0.000000	84.820000,-8.460000,0.000000	79.230000,13.460000,0.000000	91.330000,4.980000,0.000000	85.890000,6.610000,0.000000
9.37046	-15.030000,-78.840000,0.000000	84.940000,-6.910000,0.000000	79.380000,13.220000,0.000000	91.330000,4.980000,0.000000	85.890000,6.610000,0.000000
9.42686	-14.850000,-78.860000,0.000000	85.260000,-5.670000,0.000000	79.720000,12.730000,0.000000	91.330000,4.980000,0.000000	85.890000,6.610000,0.000000
9.49260	-14.430000,-78.890000,0.000000	85.620000,-4.610000,0.000000	80.130000,12.300000,0.000000	91.330000,4.980000,0.000000	85.890000,6.610000,0.000000
9.49468	-13.420000,-78.860000,0.000000	85.900000,-3.680000,0.000000	80.340000,11.700000,0.000000	91.330000,4.980000,0.000000	85.890000,6.610000,0.000000
9.54496	-12.990000,-78.880000,0.000000	86.160000,-2.650000,0.000000	80.700000,11.170000,0.000000	91.330000,4.980000,0.000000	85.890000,6.610000,0.000000
9.60945	-11.340000,-78.980000,0.000000	86.360000,-1.440000,0.000000	80.720000,11.020000,0.000000	91.330000,4.980000,0.000000	85.890000,6.610000,0.000000
9.66647	-9.340000,-78.970000,0.000000	86.520000,-0.050000,0.000000	80.790000,11.260000,0.000000	91.330000,4.980000,0.000000	85.890000,6.610000,0.000000
9.67525	-6.770000,-78.800000,0.000000	86.660000,1.330000,0.000000	80.990000,11.140000,0.000000	91.330000,4.980000,0.000000	85.890000,6.610000,0.000000
9.72668	-4.530000,-78.640000,0.000000	86.670000,2.350000,0.000000	81.010000,10.890000,0.000000	91.330000,4.980000,0.000000	85.890000,6.610000,0.000000
9.79405	-3.030000,-78.640000,0.000000	86.700000,3.220000,0.000000	81.060000,10.960000,0.000000	91.330000,4.980000,0.000000	85.890000,6.610000,0.000000
9.84576	-2.800000,-78.820000,0.000000	86.790000,3.760000,0.000000	81.150000,10.790000,0.000000	91.330000,4.980000,0.000000	85.890000,6.610000,0.000000
9.85462	-5.280000,-78.850000,0.000000	86.970000,3.650000,0.000000	81.410000,10.530000,0.000000	91.330000,4.980000,0.000000	85.890000,6.610000,0.000000
9.91229	-7.080000,-78.810000,0.000000	87.310000,3.550000,0.000000	81.870000,9.850000,0.000000	91.330000,4.980000,0.000000	85.890000,6.610000,0.000000
9.96273	-6.480000,-78.840000,0.000000	87.550000,3.680000,0.000000	82.130000,9.620000,0.000000	91.330000,4.980000,0.000000	85.890000,6.610000,0.000000
10.02916	-5.160000,-78.850000,0.000000	87.760000,4.140000,0.000000	82.340000,9.680000,0.000000	91.330000,4.980000,0.000000	85.890000,6.610000,0.000000
10.03490	-3.370000,-78.950000,0.000000	87.920000,4.680000,0.000000	82.360000,10.110000,0.000000	91.330000,4.980000,0.000000	85.890000,6.610000,0.000000
10.09333	-2.210000,-78.980000,0.000000	88.020000,5.150000,0.000000	82.460000,10.470000,0.000000	91.330000,4.980000,0.000000	85.890000,6.610000,0.000000
10.14530	-1.120000,-78.980000,0.000000	88.110000,5.500000,0.000000	82.620000,10.650000,0.000000	91.330000,4.980000,0.000000	85.890000,6.610000,0.000000
10.21318	-0.880000,-79.020000,0.000000	88.300000,5.580000,0.000000	82.760000,10.750000,0.000000	91.330000,4.980000,0.000000	85.890000,6.610000,0.000000
10.21589	-1.730000,-79.030000,0.000000	88.480000,5.440000,0.000000	82.930000,10.750000,0.000000	91.330000,4.980000,0.000000	85.890000,6.610000,0.000000
10.26130	-2.560000,-79.130000,0.000000	88.620000,5.090000,0.000000	83.220000,10.630000,0.000000	91.330000,4.980000,0.000000	85.890000,6.610000,0.000000
10.32844	-3.910000,-79.240000,0.000000	88.910000,4.850000,0.000000	83.460000,10.650000,0.000000	91.330000,4.980000,0.000000	85.890000,6.610000,0.000000
10.39247	-3.300000,-79.260000,0.000000	89.130000,4.910000,0.000000	83.530000,10.560000,0.000000	91.330000,4.980000,0.000000	85.890000,6.610000,0.000000
10.39484	-1.440000,-79.000000,0.000000	89.120000,5.420000,0.000000	83.490000,10.530000,0.000000	91.330000,4.980000,0.000000	85.890000,6.610000,0.000000
10.44359	1.190000,-78.620000,0.000000	88.920000,6.130000,0.000000	83.380000,11.200000,0.000000	91.330000,4.980000,0.000000	85.890000,6.610000,0.000000
10.51125	3.930000,-78.450000,0.000000	88.760000,6.760000,0.000000	83.100000,11.830000,0.000000	91.330000,4.980000,0.000000	85.890000,6.610000,0.000000
10.57290	4.800000,-78.500000,0.000000	88.710000,6.930000,0.000000	82.950000,12.390000,0.000000	91.330000,4.980000,0.000000	85.890000,6.610000,0.000000
10.57536	4.310000,-78.590000,0.000000	88.720000,6.700000,0.000000	83.070000,12.360000,0.000000	91.330000,4.980000,0.000000	85.890000,6.610000,0.000000
10.62874	4.260000,-78.660000,0.000000	88.870000,6.370000,0.000000	83.120000,12.560000,0.000000	91.330000,4.980000,0.000000	85.890000,6.610000,0.000000
10.69258	4.510000,-78.790000,0.000000	88.970000,6.270000,0.000000	83.280000,12.710000,0.000000	91.330000,4.980000,0.000000	85.890000,6.610000,0.000000
10.74370	5.070000,-78.860000,0.000000	89.160000,5.980000,0.000000	83.530000,12.440000,0.000000	91.330000,4.980000,0.000000	85.890000,6.610000,0.000000
10.75525	4.530000,-78.740000,0.000000	89.260000,5.670000,0.000000	83.580000,12.420000,0.000000	91.330000,4.980000,0.000000	85.890000,6.610000,0.000000
10.81148	3.410000,-78.640000,0.000000	89.240000,5.390000,0.000000	83.510000,12.700000,0.000000	91.330000,4.980000,0.000000	85.890000,6.610000,0.000000
10.87279	2.590000,-78.710000,0.000000	89.330000,4.900000,0.000000	83.520000,12.610000,0.000000	91.330000,4.980000,0.000000	85.890000,6.610000,0.000000
10.92853	2.540000,-78.930000,0.000000	89.390000,4.630000,0.000000	83.560000,12.700000,0.000000	91.330000,4.980000,0.000000	85.890000,6.610000,0.000000
10.93476	3.440000,-79.070000,0.000000	89.580000,4.590000,0.000000	83.680000,12.740000,0.000000	91.330000,4.980000,0.000000	85.890000,6.610000,0.000000
10.99330	4.020000,-78.960000,0.000000	89.650000,4.440000,0.000000	83.860000,12.580000,0.000000	91.330000,4.980000,0.000000	85.890000,6.610000,0.000000
11.04340	5.210000,-78.820000,0.000000	89.850000,4.310000,0.000000	84.050000,12.290000,0.000000	91.330000,4.980000,0.000000	85.890000,6.610000,0.000000
11.11201	7.070000,-78.680000,0.000000	89.980000,4.250000,0.000000	84.200000,12.280000,0.000000	91.330000,4.980000,0.000000	85.890000,6.610000,0.000000
11.11467	8.040000,-78.660000,0.000000	90.120000,3.890000,0.000000	84.320000,11.980000,0.000000	91.330000,4.980000,0.000000	85.890000,6.610000,0.000000
11.16077	8.350000,-78.620000,0.000000	90.180000,3.140000,0.000000	84.450000,11.290000,0.000000	91.330000,4.980000,0.000000	85.890000,6.610000,0.000000
11.22834	7.330000,-78.510000,0.000000	90.180000,2.390000,0.000000	84.810000,10.960000,0.000000	91.330000,4.980000,0.000000	85.890000,6.610000,0.000000
11.29322	7.630000,-78.460000,0.000000	90.150000,1.710000,0.000000	85.300000,10.290000,0.000000	91.330000,4.980000,0.000000	85.890000,6.610000,0.000000
11.29573	7.960000,-78.420000,0.000000	90.160000,0.640000,0.000000	85.290000,9.380000,0.000000	91.330000,4.980000,0.000000	85.890000,6.610000,0.000000
11.34336	6.210000,-78.260000,0.000000	89.750000,-0.800000,0.000000	85.230000,9.150000,0.000000	91.330000,4.980000,0.000000	85.890000,6.610000,0.000000
11.41060	4.680000,-78.100000,0.000000	89.730000,-2.240000,0.000000	84.990000,9.390000,0.000000	91.330000,4.980000,0.000000	85.890000,6.610000,0.000000
11.46812	4.020000,-78.210000,0.000000	89.600000,-3.650000,0.000000	84.710000,10.230000,0.000000	91.330000,4.980000,0.000000	85.890000,6.610000,0.000000
11.47617	4.040000,-78.420000,0.000000	89.440000,-5.360000,0.000000	84.040000,11.590000,0.000000	91.330000,4.980000,0.000000	85.890000,6.610000,0.000000
11.52702	2.240000,-78.670000,0.000000	89.240000,-7.320000,0.000000	82.990000,13.150000,0.000000	91.330000,4.980000,0.000000	85.890000,6.610000,0.000000
11.59410	-1.520000,-78.760000,0.000000	89.160000,-9.360000,0.000000	82.100000,15.140000,0.000000	91.330000,4.980000,0.000000	85.890000,6.610000,0.000000
11.64467	-0.500000,-78.950000,0.000000	89.110000,-11.960000,0.000000	81.290000,17.220000,0.000000	91.330000,4.980000,0.000000	85.890000,6.610000,0.000000
11.65579	-1.330000,-79.140000,0.000000	89.020000,-14.730000,0.000000	80.470000,19.340000,0.000000	91.330000,4.980000,0.000000	85.890000,6.610000,0.000000
11.71131	-2.150000,-79.320000,0.000000	89.690000,-17.540000,0.000000	79.640000,21.600000,0.000000	91.330000,4.980000,0.000000	85.890000,6.610000,0.000000
11.76170	-3.430000,-79.530000,0.000000	89.010000,-20.420000,0.000000	78.970000,23.670000,0.000000	91.330000,4.980000,0.000000	85.890000,6.610000,0.000000
11.82796	-3.230000,-79.850000,0.000000	88.830000,-23.800000,0.000000	78.920000,25.650000,0.000000	91.330000,4.980000,0.000000	85.890000,6.610000,0.000000
11.83566	-3.420000,-79.910000,0.000000	88.100000,-27.220000,0.000000	78.660000,27.670000,0.000000	91.330000,4.980000,0.000000	85.890000,6.610000,0.000000
11.89263	-4.660000,-79.970000,0.000000	86.820000,-30.510000,0.000000	78.910000,29.620000,0.000000	91.330000,4.980000,0.000000	85.890000,6.610000,0.000000
11.94963	-5.680000,-80.100000,0.000000	86.070000,-34.170000,0.000000	79.230000,31.780000,0.000000	91.330000,4.980000,0.000000	85.890000,6.610000,0.000000
12.00992	-7.670000,-80.330000,0.000000	85.130000,-37.650000,0.000000	79.390000,34.410000,0.000000	91.330000,4.980000,0.000000	85.890000,6.610000,0.000000
12.01502	-9.510000,-80.700000,0.000000	83.280000,-40.800000,0.000000	79.260000,36.780000,0.000000	91.330000,4.980000,0.000000	85.890000,6.610000,0.000000
12.07366	-11.640000,-81.120000,0.000000	82.170000,-43.490000,0.000000	79.200000,38.530000,0.000000	91.330000,4.980000,0.000000	85.890000,6.610000,0.000000
12.12778	-13.610000,-81.430000,0.000000	80.820000,-45.900000,0.000000	78.630000,39.900000,0.000000	91.330000,4.980000,0.000000	85.890000,6.610000,0.000000
12.20593	-16.170000,-81.580000,0.000000	80.060000,-47.810000,0.000000	78.310000,40.330000,0.000000	91.330000,4.980000,0.000000	85.890000,6.610000,0.000000
12.20870	-18.590000,-81.480000,0.000000	78.650000,-49.540000,0.000000	76.870000,42.000000,0.000000	91.330000,4.980000,0.000000	85.890000,6.610000,0.000000
12.24445	-20.430000,-81.370000,0.000000	77.990000,-50.020000,0.000000	76.630000,42.510000,0.000000	91.330000,4.980000,0.000000	85.890000,6.610000,0.000000
12.31017	-18.690000,-81.890000,0.000000	79.480000,-50.620000,0.000000	75.570000,43.370000,0.000000	91.330000,4.980000,0.000000	85.890000,6.610000,0.000000
12.36141	-18.440000,-81.690000,0.000000	79.070000,-50.370000,0.000000	75.060000,42.660000,0.000000	91.330000,4.980000,0.000000	85.890000,6.610000,0.000000
12.42861	-18.020000,-82.170000,0.000000	80.160000,-50.010000,0.000000	74.830000,42.670000,0.000000	91.330000,4.980000,0.000000	85.890000,6.610000,0.000000
12.49297	-18.130000,-81.620000,0.000000	79.900000,-48.880000,0.000000	74.120000,41.540000,0.000000	91.330000,4.980000,0.000000	85.890000,6.610000,0.000000
12.49578	-17.290000,-81.820000,0.000000	80.470000,-47.460000,0.000000	73.690000,41.860000,0.000000	91.330000,4.980000,0.000000	85.890000,6.610000,0.000000
12.49875	-17.340000,-81.450000,0.000000	81.180000,-46.150000,0.000000	73.880000,39.520000,0.000000	91.330000,4.980000,0.000000	85.890000,6.610000,0.000000
12.54760	-15.740000,-81.260000,0.000000	81.700000,-44.800000,0.000000	73.910000,38.710000,0.000000	91.330000,4.980000,0.000000	85.890000,6.610000,0.000000
12.60999	-19.180000,-80.810000,0.000000	82.120000,-42.990000,0.000000	74.800000,36.460000,0.000000	91.330000,4.980000,0.000000	85.890000,6.610000,0.000000
12.66138	-20.460000,-80.810000,0.000000	82.070000,-41.140000,0.000000	75.170000,34.090000,0.000000	91.330000,4.980000,0.000000	85.890000,6.610000,0.000000
12.72856	-20.100000,-80.760000,0.000000	82.370000,-39.130000,0.000000	76.250000,31.400000,0.000000	91.330000,4.980000,0.000000	85.890000,6.610000,0.000000
12.73565	-18.500000,-80.630000,0.000000	82.550000,-36.830000,0.000000	77.090000,28.730000,0.000000	91.330000,4.980000,0.000000	85.890000,6.610000,0.000000
12.79539	-16.270000,-80.300000,0.000000	82.760000,-34.980000,0.000000	77.200000,25.740000,0.000000	91.330000,4.980000,0.000000	85.890000,6.610000,0.000000
12.84417	-18.350000,-80.060000,0.000000	82.930000,-32.830000,0.000000	77.440000,23.560000,0.000000	91.330000,4.980000,0.000000	85.890000,6.610000,0.000000
12.91046	-19.580000,-80.000000,0.000000	83.370000,-30.450000,0.000000	78.060000,22.600000,0.000000	91.330000,4.980000,0.000000	85.890000,6.610000,0.000000
12.91478	-17.890000,-80.190000,0.000000	83.710000,-27.800000,0.000000	78.270000,21.340000,0.000000	91.330000,4.980000,0.000000	85.890000,6.610000,0.000000
12.96177	-15.850000,-80.200000,0.000000	83.830000,-25.330000,0.000000	78.300000,20.450000,0.000000	91.330000,4.980000,0.000000	85.890000,6.610000,0.000000
13.02873	-13.580000,-80.140000,0.000000	83.870000,-22.910000,0.000000	78.530000,19.070000,0.000000	91.330000,4.980000,0.000000	85.890000,6.610000,0.000000
13.09331	-13.020000,-80.010000,0.000000	84.220000,-21.000000,0.000000	78.840000,18.030000,0.000000	91.330000,4.980000,0.000000	85.890000,6.610000,0.000000
13.09584	-13.710000,-79.930000,0.000000	84.500000,-19.330000,0.000000	79.150000,16.910000,0.000000	91.330000,4.980000,0.000000	85.890000,6.610000,0.000000
13.14378	-14.900000,-80.040000,0.000000	84.900000,-17.860000,0.000000	79.490000,16.190000,0.000000	91.330000,4.980000,0.000000	85.890000,6.610000,0.000000
13.21102	-14.960000,-80.280000,0.000000	85.100000,-16.530000,0.000000	79.800000,14.760000,0.000000	91.330000,4.980000,0.000000	85.890000,6.610000,0.000000
13.26910	-14.530000,-80.250000,0.000000	85.390000,-14.960000,0.000000	80.030000,14.010000,0.000000	91.330000,4.980000,0.000000	85.890000,6.610000,0.000000
13.27736	-13.500000,-80.060000,0.000000	85.560000,-13.110000,0.000000	80.220000,13.730000,0.000000	91.330000,4.980000,0.000000	85.890000,6.610000,0.000000
13.32969	-11.740000,-79.920000,0.000000	85.720000,-11.320000,0.000000	80.290000,13.390000,0.000000	91.330000,4.980000,0.000000	85.890000,6.610000,0.000000
13.39317	-10.440000,-79.820000,0.000000	85.800000,-9.740000,0.000000	80.250000,13.030000,0.000000	91.330000,4.980000,0.000000	85.890000,6.610000,0.000000
13.44478	-9.550000,-79.850000,0.000000	86.030000,-8.330000,0.000000	80.370000,12.660000,0.000000	91.330000,4.980000,0.000000	85.890000,6.610000,0.000000
13.45524	-8.460000,-79.900000,0.000000	86.320000,-7.090000,0.000000	80.620000,12.180000,0.000000	91.330000,4.980000,0.000000	85.890000,6.610000,0.000000
13.51385	-7.830000,-79.840000,0.000000	86.570000,-6.080000,0.000000	80.860000,11.720000,0.000000	91.330000,4.980000,0.000000	85.890000,6.610000,0.000000
13.57322	-6.930000,-79.800000,0.000000	86.800000,-5.070000,0.000000	81.060000,11.190000,0.000000	91.330000,4.980000,0.000000	85.890000,6.610000,0.000000
13.62954	-6.180000,-79.670000,0.000000	86.960000,-4.010000,0.000000	81.280000,10.840000,0.000000	91.330000,4.980000,0.000000	85.890000,6.610000,0.000000
13.63573	-5.200000,-79.610000,0.000000	87.060000,-2.870000,0.000000	81.380000,10.570000,0.000000	91.330000,4.980000,0.000000	85.890000,6.610000,0.000000
13.69285	-4.230000,-79.500000,0.000000	87.260000,-1.840000,0.000000	81.490000,10.320000,0.000000	91.330000,4.980000,0.000000	85.890000,6.610000,0.000000
13.74605	-3.620000,-79.400000,0.000000	87.410000,-0.900000,0.000000	81.560000,10.200000,0.000000	91.330000,4.980000,0.000000	85.890000,6.610000,0.000000
13.81153	-3.350000,-79.350000,0.000000	87.580000,-0.160000,0.000000	81.750000,9.960000,0.000000	91.330000,4.980000,0.000000	85.890000,6.610000,0.000000
13.81601	-2.610000,-79.270000,0.000000	87.710000,0.520000,0.000000	81.940000,9.730000,0.000000	91.330000,4.980000,0.000000	85.890000,6.610000,0.000000
13.87182	-1.840000,-79.170000,0.000000	87.900000,1.100000,0.000000	82.070000,9.460000,0.000000	91.330000,4.980000,0.000000	85.890000,6.610000,0.000000
13.93023	-1.510000,-79.080000,0.000000	88.130000,1.600000,0.000000	82.230000,9.320000,0.000000	91.330000,4.980000,0.000000	85.890000,6.610000,0.000000
13.99327	-0.670000,-79.010000,0.000000	88.400000,2.120000,0.000000	82.360000,9.140000,0.000000	91.330000,4.980000,0.000000	85.890000,6.610000,0.000000
13.99524	-0.860000,-78.870000,0.000000	88.640000,2.540000,0.000000	82.570000,9.030000,0.000000	91.330000,4.980000,0.000000	85.890000,6.610000,0.000000
14.04519	-0.600000,-78.830000,0.000000	88.740000,3.130000,0.000000	82.660000,8.990000,0.000000	91.330000,4.980000,0.000000	85.890000,6.610000,0.000000
14.11167	0.300000,-78.760000,0.000000	88.710000,3.730000,0.000000	82.560000,9.040000,0.000000	91.330000,4.980000,0.000000	85.890000,6.610000,0.000000
14.16104	1.260000,-78.730000,0.000000	88.610000,4.380000,0.000000	82.460000,9.130000,0.000000	91.330000,4.980000,0.000000	85.890000,6.610000,0.000000
14.17531	1.600000,-78.670000,0.000000	88.550000,4.960000,0.000000	82.400000,9.180000,0.000000	91.330000,4.980000,0.000000	85.890000,6.610000,0.000000
14.23080	1.980000,-78.630000,0.000000	88.520000,5.420000,0.000000	82.340000,9.090000,0.000000	91.330000,4.980000,0.000000	85.890000,6.610000,0.000000
14.29474	2.200000,-78.610000,0.000000	88.550000,5.740000,0.000000	82.390000,8.840000,0.000000	91.330000,4.980000,0.000000	85.890000,6.610000,0.000000
14.34388	2.740000,-78.500000,0.000000	88.650000,5.960000,0.000000	82.450000,8.740000,0.000000	91.330000,4.980000,0.000000	85.890000,6.610000,0.000000
14.35680	3.400000,-78.490000,0.000000	88.770000,6.130000,0.000000	82.590000,8.640000,0.000000	91.330000,4.980000,0.000000	85.890000,6.610000,0.000000
14.40987	4.020000,-78.520000,0.000000	88.810000,6.210000,0.000000	82.690000,8.320000,0.000000	91.330000,4.980000,0.000000	85.890000,6.610000,0.000000
14.47323	4.540000,-78.500000,0.000000	88.810000,6.250000,0.000000	82.630000,8.110000,0.000000	91.330000,4.980000,0.000000	85.890000,6.610000,0.000000
14.53272	4.430000,-78.570000,0.000000	88.860000,6.260000,0.000000	82.600000,7.940000,0.000000	91.330000,4.980000,0.000000	85.890000,6.610000,0.000000
14.53499	4.680000,-78.600000,0.000000	88.620000,6.070000,0.000000	82.490000,7.390000,0.000000	91.330000,4.980000,0.000000	85.890000,6.610000,0.000000
14.59302	3.830000,-78.710000,0.000000	88.610000,5.950000,0.000000	82.370000,7.670000,0.000000	91.330000,4.980000,0.000000	85.890000,6.610000,0.000000
14.64589	3.750000,-78.860000,0.000000	88.320000,5.910000,0.000000	82.040000,7.740000,0.000000	91.330000,4.980000,0.000000	85.890000,6.610000,0.000000
14.71151	2.790000,-79.040000,0.000000	88.300000,5.990000,0.000000	81.820000,8.560000,0.000000	91.330000,4.980000,0.000000	85.890000,6.610000,0.000000
14.71555	2.150000,-79.100000,0.000000	88.160000,5.840000,0.000000	82.060000,8.320000,0.000000	91.330000,4.980000,0.000000	85.890000,6.610000,0.000000
14.76668	1.550000,-79.100000,0.000000	87.950000,5.300000,0.000000	82.310000,7.940000,0.000000	91.330000,4.980000,0.000000	85.890000,6.610000,0.000000
14.83125	0.690000,-79.070000,0.000000	87.680000,4.710000,0.000000	82.740000,8.110000,0.000000	91.330000,4.980000,0.000000	85.890000,6.610000,0.000000
14.89532	0.740000,-78.980000,0.000000	87.750000,4.150000,0.000000	82.880000,7.600000,0.000000	91.330000,4.980000,0.000000	85.890000,6.610000,0.000000
14.89704	0.880000,-78.920000,0.000000	87.120000,3.170000,0.000000	82.460000,6.350000,0.000000	91.330000,4.980000,0.000000	85.890000,6.610000,0.000000
14.94357	1.280000,-78.640000,0.000000	87.390000,2.260000,0.000000	82.560000,6.440000,0.000000	91.330000,4.980000,0.000000	85.890000,6.610000,0.000000
15.01505	0.350000,-78.460000,0.000000	87.540000,1.140000,0.000000	83.000000,6.140000,0.000000	91.330000,4.980000,0.000000	85.890000,6.610000,0.000000
15.06498	-0.710000,-78.480000,0.000000	87.470000,-0.180000,0.000000	83.010000,6.330000,0.000000	91.330000,4.980000,0.000000	85.890000,6.610000,0.000000
15.07536	-0.890000,-78.630000,0.000000	87.690000,-1.390000,0.000000	83.160000,5.840000,0.000000	91.330000,4.980000,0.000000	85.890000,6.610000,0.000000
15.13141	-0.370000,-78.690000,0.000000	87.650000,-3.060000,0.000000	83.650000,5.120000,0.000000	91.330000,4.980000,0.000000	85.890000,6.610000,0.000000
15.18514	-1.270000,-78.700000,0.000000	87.760000,-4.880000,0.000000	84.060000,4.620000,0.000000	91.330000,4.980000,0.000000	85.890000,6.610000,0.000000
15.24459	-1.260000,-78.810000,0.000000	87.890000,-6.570000,0.000000	84.540000,4.180000,0.000000	91.330000,4.980000,0.000000	85.890000,6.610000,0.000000
15.25497	-1.030000,-79.020000,0.000000	88.040000,-8.460000,0.000000	85.240000,3.340000,0.000000	91.330000,4.980000,0.000000	85.890000,6.610000,0.000000
15.31346	-0.840000,-79.330000,0.000000	88.160000,-10.430000,0.000000	85.520000,2.460000,0.000000	91.330000,4.980000,0.000000	85.890000,6.610000,0.000000
15.36358	-1.380000,-79.680000,0.000000	88.250000,-12.570000,0.000000	86.000000,1.470000,0.000000	91.330000,4.980000,0.000000	85.890000,6.610000,0.000000
15.43195	-1.600000,-79.990000,0.000000	88.510000,-14.700000,0.000000	86.440000,0.620000,0.000000	91.330000,4.980000,0.000000	85.890000,6.610000,0.000000
15.43593	-2.150000,-80.310000,0.000000	88.670000,-16.580000,0.000000	86.680000,-0.120000,0.000000	91.330000,4.980000,0.000000	85.890000,6.610000,0.000000
15.49374	-2.510000,-80.600000,0.000000	88.530000,-18.240000,0.000000	86.930000,-1.290000,0.000000	91.330000,4.980000,0.000000	85.890000,6.610000,0.000000
15.54463	-2.740000,-80.730000,0.000000	88.580000,-19.850000,0.000000	87.250000,-2.110000,0.000000	91.330000,4.980000,0.000000	85.890000,6.610000,0.000000
15.61371	-3.890000,-80.930000,0.000000	88.740000,-21.730000,0.000000	87.680000,-2.910000,0.000000	91.330000,4.980000,0.000000	85.890000,6.610000,0.000000
15.61592	-4.360000,-81.060000,0.000000	88.870000,-23.490000,0.000000	88.240000,-3.910000,0.000000	91.330000,4.980000,0.000000	85.890000,6.610000,0.000000
15.67835	-4.260000,-81.250000,0.000000	88.850000,-24.970000,0.000000	88.630000,-4.620000,0.000000	91.330000,4.980000,0.000000	85.890000,6.610000,0.000000
15.73188	-5.490000,-81.320000,0.000000	89.320000,-26.600000,0.000000	88.810000,-5.540000,0.000000	91.330000,4.980000,0.000000	85.890000,6.610000,0.000000
15.79370	-6.310000,-81.390000,0.000000	89.560000,-28.210000,0.000000	88.940000,-5.570000,0.000000	91.330000,4.980000,0.000000	85.890000,6.610000,0.000000
15.79531	-6.410000,-81.400000,0.000000	89.370000,-29.450000,0.000000	88.920000,-5.400000,0.000000	91.330000,4.980000,0.000000	85.890000,6.610000,0.000000
15.85053	-5.810000,-81.210000,0.000000	89.290000,-30.770000,0.000000	88.730000,-4.470000,0.000000	91.330000,4.980000,0.000000	85.890000,6.610000,0.000000
15.90918	-6.960000,-81.020000,0.000000	89.040000,-31.970000,0.000000	88.340000,-2.890000,0.000000	91.330000,4.980000,0.000000	85.890000,6.610000,0.000000
15.96116	-6.950000,-80.820000,0.000000	89.010000,-33.040000,0.000000	87.470000,-0.980000,0.000000	91.330000,4.980000,0.000000	85.890000,6.610000,0.000000
15.97519	-7.060000,-80.730000,0.000000	88.620000,-34.570000,0.000000	86.410000,2.000000,0.000000	91.330000,4.980000,0.000000	85.890000,6.610000,0.000000
16.03251	-9.400000,-80.470000,0.000000	88.470000,-35.770000,0.000000	85.010000,5.450000,0.000000	91.330000,4.980000,0.000000	85.890000,6.610000,0.000000
16.09431	-9.440000,-80.340000,0.000000	88.260000,-37.100000,0.000000	84.520000,9.120000,0.000000	91.330000,4.980000,0.000000	85.890000,6.610000,0.000000
16.14442	-9.930000,-80.340000,0.000000	88.020000,-38.790000,0.000000	84.660000,13.210000,0.000000	91.330000,4.980000,0.000000	85.890000,6.610000,0.000000
16.15463	-9.990000,-80.500000,0.000000	88.210000,-40.450000,0.000000	85.830000,17.110000,0.000000	91.330000,4.980000,0.000000	85.890000,6.610000,0.000000
16.20917	-12.920000,-80.400000,0.000000	88.000000,-42.250000,0.000000	86.860000,20.500000,0.000000	91.330000,4.980000,0.000000	85.890000,6.610000,0.000000
16.26129	-15.080000,-80.390000,0.000000	87.760000,-44.120000,0.000000	87.620000,23.310000,0.000000	91.330000,4.980000,0.000000	85.890000,6.610000,0.000000
16.33276	-13.290000,-80.530000,0.000000	87.390000,-46.290000,0.000000	88.300000,25.750000,0.000000	91.330000,4.980000,0.000000	85.890000,6.610000,0.000000
16.33539	-14.540000,-81.070000,0.000000	86.340000,-48.790000,0.000000	88.740000,27.760000,0.000000	91.330000,4.980000,0.000000	85.890000,6.610000,0.000000
16.39288	-18.730000,-81.400000,0.000000	84.760000,-51.700000,0.000000	89.450000,29.690000,0.000000	91.330000,4.980000,0.000000	85.890000,6.610000,0.000000
16.44491	-22.420000,-81.590000,0.000000	83.130000,-54.640000,0.000000	89.030000,31.480000,0.000000	91.330000,4.980000,0.000000	85.890000,6.610000,0.000000
16.51062	-23.420000,-81.850000,0.000000	80.710000,-57.770000,0.000000	89.150000,32.760000,0.000000	91.330000,4.980000,0.000000	85.890000,6.610000,0.000000
16.51502	-25.650000,-82.150000,0.000000	78.210000,-60.000000,0.000000	89.350000,33.750000,0.000000	91.330000,4.980000,0.000000	85.890000,6.610000,0.000000
16.56245	-28.970000,-82.480000,0.000000	77.120000,-62.080000,0.000000	89.000000,34.830000,0.000000	91.330000,4.980000,0.000000	85.890000,6.610000,0.000000
16.62744	-28.610000,-82.670000,0.000000	75.290000,-63.860000,0.000000	88.430000,35.480000,0.000000	91.330000,4.980000,0.000000	85.890000,6.610000,0.000000
16.69206	-30.990000,-82.850000,0.000000	73.870000,-65.260000,0.000000	88.450000,36.370000,0.000000	91.330000,4.980000,0.000000	85.890000,6.610000,0.000000
16.69492	-31.450000,-82.980000,0.000000	72.990000,-66.330000,0.000000	88.480000,37.110000,0.000000	91.330000,4.980000,0.000000	85.890000,6.610000,0.000000
16.74571	-33.190000,-83.030000,0.000000	72.930000,-67.080000,0.000000	88.120000,37.910000,0.000000	91.330000,4.980000,0.000000	85.890000,6.610000,0.000000
16.81067	-32.510000,-83.050000,0.000000	72.750000,-67.370000,0.000000	87.330000,38.310000,0.000000	91.330000,4.980000,0.000000	85.890000,6.610000,0.000000
16.86364	-33.650000,-83.050000,0.000000	73.070000,-67.480000,0.000000	86.450000,39.070000,0.000000	91.330000,4.980000,0.000000	85.890000,6.610000,0.000000
16.87485	-32.710000,-83.010000,0.000000	73.280000,-66.960000,0.000000	85.630000,39.310000,0.000000	91.330000,4.980000,0.000000	85.890000,6.610000,0.000000
16.92640	-33.260000,-83.210000,0.000000	74.570000,-66.380000,0.000000	84.990000,39.100000,0.000000	91.330000,4.980000,0.000000	85.890000,6.610000,0.000000
16.99344	-32.020000,-82.920000,0.000000	74.770000,-65.320000,0.000000	84.150000,38.610000,0.000000	91.330000,4.980000,0.000000	85.890000,6.610000,0.000000
17.04775	-33.490000,-82.940000,0.000000	75.940000,-64.280000,0.000000	84.440000,38.090000,0.000000	91.330000,4.980000,0.000000	85.890000,6.610000,0.000000
17.05484	-31.620000,-82.640000,0.000000	76.550000,-62.500000,0.000000	83.690000,37.200000,0.000000	91.330000,4.980000,0.000000	85.890000,6.610000,0.000000
17.10556	-31.080000,-82.840000,0.000000	77.660000,-60.610000,0.000000	83.570000,36.040000,0.000000	91.330000,4.980000,0.000000	85.890000,6.610000,0.000000
17.16954	-30.350000,-82.450000,0.000000	78.160000,-58.620000,0.000000	83.180000,35.130000,0.000000	91.330000,4.980000,0.000000	85.890000,6.610000,0.000000
17.22628	-28.280000,-82.620000,0.000000	79.180000,-56.140000,0.000000	83.100000,34.510000,0.000000	91.330000,4.980000,0.000000	85.890000,6.610000,0.000000
17.23577	-28.490000,-82.310000,0.000000	79.900000,-53.910000,0.000000	83.310000,32.230000,0.000000	91.330000,4.980000,0.000000	85.890000,6.610000,0.000000
17.29455	-26.510000,-82.050000,0.000000	80.480000,-51.410000,0.000000	82.790000,30.670000,0.000000	91.330000,4.980000,0.000000	85.890000,6.610000,0.000000
17.35052	-27.900000,-81.680000,0.000000	81.160000,-48.620000,0.000000	83.030000,28.320000,0.000000	91.330000,4.980000,0.000000	85.890000,6.610000,0.000000
17.41066	-25.460000,-81.440000,0.000000	81.330000,-45.720000,0.000000	82.760000,26.830000,0.000000	91.330000,4.980000,0.000000	85.890000,6.610000,0.000000
17.41468	-24.400000,-81.270000,0.000000	81.780000,-42.190000,0.000000	83.090000,25.170000,0.000000	91.330000,4.980000,0.000000	85.890000,6.610000,0.000000
17.46096	-22.070000,-80.780000,0.000000	82.350000,-39.240000,0.000000	83.660000,23.140000,0.000000	91.330000,4.980000,0.000000	85.890000,6.610000,0.000000
17.53217	-21.470000,-80.560000,0.000000	82.960000,-36.650000,0.000000	83.100000,20.390000,0.000000	91.330000,4.980000,0.000000	85.890000,6.610000,0.000000
17.62191	-22.270000,-80.350000,0.000000	83.380000,-34.040000,0.000000	83.150000,18.580000,0.000000	91.330000,4.980000,0.000000	85.890000,6.610000,0.000000
17.62390	-20.230000,-80.160000,0.000000	84.050000,-31.050000,0.000000	83.370000,17.140000,0.000000	91.330000,4.980000,0.000000	85.890000,6.610000,0.000000
17.64454	-18.510000,-79.940000,0.000000	84.640000,-28.310000,0.000000	83.420000,15.290000,0.000000	91.330000,4.980000,0.000000	85.890000,6.610000,0.000000
17.70853	-17.100000,-79.680000,0.000000	84.960000,-25.590000,0.000000	83.370000,13.600000,0.000000	91.330000,4.980000,0.000000	85.890000,6.610000,0.000000
17.76069	-16.550000,-79.610000,0.000000	85.390000,-23.030000,0.000000	83.370000,12.570000,0.000000	91.330000,4.980000,0.000000	85.890000,6.610000,0.000000
17.77517	-15.400000,-79.570000,0.000000	85.690000,-20.490000,0.000000	83.340000,11.410000,0.000000	91.330000,4.980000,0.000000	85.890000,6.610000,0.000000
17.83309	-15.080000,-79.420000,0.000000	86.060000,-18.330000,0.000000	83.250000,10.490000,0.000000	91.330000,4.980000,0.000000	85.890000,6.610000,0.000000
17.89332	-14.410000,-79.390000,0.000000	86.360000,-16.220000,0.000000	83.220000,9.370000,0.000000	91.330000,4.980000,0.000000	85.890000,6.610000,0.000000
17.94404	-13.670000,-79.210000,0.000000	86.690000,-14.250000,0.000000	83.300000,8.320000,0.000000	91.330000,4.980000,0.000000	85.890000,6.610000,0.000000
17.95475	-12.540000,-79.070000,0.000000	86.970000,-12.390000,0.000000	83.320000,7.420000,0.000000	91.330000,4.980000,0.000000	85.890000,6.610000,0.000000
18.01138	-11.210000,-78.940000,0.000000	87.320000,-10.620000,0.000000	83.280000,6.610000,0.000000	91.330000,4.980000,0.000000	85.890000,6.610000,0.000000
18.06149	-10.720000,-78.880000,0.000000	87.440000,-8.940000,0.000000	83.190000,5.960000,0.000000	91.330000,4.980000,0.000000	85.890000,6.610000,0.000000
18.13326	-9.680000,-78.900000,0.000000	87.630000,-7.360000,0.000000	83.110000,5.480000,0.000000	91.330000,4.980000,0.000000	85.890000,6.610000,0.000000
18.13527	-8.900000,-78.870000,0.000000	87.820000,-5.980000,0.000000	83.050000,5.080000,0.000000	91.330000,4.980000,0.000000	85.890000,6.610000,0.000000
18.19336	-8.480000,-78.880000,0.000000	87.970000,-4.560000,0.000000	82.900000,4.570000,0.000000	91.330000,4.980000,0.000000	85.890000,6.610000,0.000000
18.25249	-7.470000,-78.850000,0.000000	87.990000,-3.270000,0.000000	82.740000,4.280000,0.000000	91.330000,4.980000,0.000000	85.890000,6.610000,0.000000
18.31245	-6.650000,-78.810000,0.000000	88.140000,-2.070000,0.000000	82.720000,3.910000,0.000000	91.330000,4.980000,0.000000	85.890000,6.610000,0.000000
18.31522	-5.920000,-78.840000,0.000000	88.230000,-1.080000,0.000000	82.630000,3.550000,0.000000	91.330000,4.980000,0.000000	85.890000,6.610000,0.000000
18.38376	-4.700000,-78.870000,0.000000	88.410000,-0.110000,0.000000	82.550000,3.390000,0.000000	91.330000,4.980000,0.000000	85.890000,6.610000,0.000000
18.43340	-3.880000,-78.870000,0.000000	88.540000,0.810000,0.000000	82.500000,3.200000,0.000000	91.330000,4.980000,0.000000	85.890000,6.610000,0.000000
18.49392	-3.370000,-78.920000,0.000000	88.740000,1.680000,0.000000	82.450000,3.190000,0.000000	91.330000,4.980000,0.000000	85.890000,6.610000,0.000000
18.49595	-2.080000,-78.920000,0.000000	88.860000,2.390000,0.000000	82.390000,2.990000,0.000000	91.330000,4.980000,0.000000	85.890000,6.610000,0.000000
18.54350	-1.020000,-78.890000,0.000000	89.010000,3.080000,0.000000	82.390000,2.870000,0.000000	91.330000,4.980000,0.000000	85.890000,6.610000,0.000000
18.60956	-0.100000,-78.910000,0.000000	89.130000,3.660000,0.000000	82.370000,2.730000,0.000000	91.330000,4.980000,0.000000	85.890000,6.610000,0.000000
18.66289	0.620000,-79.030000,0.000000	89.260000,4.210000,0.000000	82.260000,2.800000,0.000000	91.330000,4.980000,0.000000	85.890000,6.610000,0.000000
18.67608	1.410000,-79.010000,0.000000	89.320000,4.780000,0.000000	82.220000,2.690000,0.000000	91.330000,4.980000,0.000000	85.890000,6.610000,0.000000
18.73317	2.070000,-79.070000,0.000000	89.360000,5.240000,0.000000	82.270000,2.710000,0.000000	91.330000,4.980000,0.000000	85.890000,6.610000,0.000000
18.79411	2.300000,-79.180000,0.000000	89.370000,5.580000,0.000000	82.280000,2.710000,0.000000	91.330000,4.980000,0.000000	85.890000,6.610000,0.000000
18.84470	2.660000,-79.280000,0.000000	89.410000,5.890000,0.000000	82.210000,2.780000,0.000000	91.330000,4.980000,0.000000	85.890000,6.610000,0.000000
18.85538	3.570000,-79.290000,0.000000	89.390000,6.130000,0.000000	82.210000,2.820000,0.000000	91.330000,4.980000,0.000000	85.890000,6.610000,0.000000
18.90928	3.540000,-79.430000,0.000000	89.560000,6.310000,0.000000	82.200000,2.760000,0.000000	91.330000,4.980000,0.000000	85.890000,6.610000,0.000000
18.97355	3.960000,-79.410000,0.000000	89.620000,6.500000,0.000000	82.230000,2.940000,0.000000	91.330000,4.980000,0.000000	85.890000,6.610000,0.000000
19.02758	4.630000,-79.420000,0.000000	89.630000,6.830000,0.000000	82.270000,3.160000,0.000000	91.330000,4.980000,0.000000	85.890000,6.610000,0.000000
19.03554	4.680000,-79.400000,0.000000	89.660000,6.880000,0.000000	82.240000,3.090000,0.000000	91.330000,4.980000,0.000000	85.890000,6.610000,0.000000
19.09407	4.420000,-79.410000,0.000000	89.760000,6.920000,0.000000	82.290000,3.190000,0.000000	91.330000,4.980000,0.000000	85.890000,6.610000,0.000000
19.14314	4.840000,-79.520000,0.000000	89.810000,7.060000,0.000000	82.360000,3.330000,0.000000	91.330000,4.980000,0.000000	85.890000,6.610000,0.000000
19.20964	5.380000,-79.570000,0.000000	89.710000,7.230000,0.000000	82.340000,3.270000,0.000000	91.330000,4.980000,0.000000	85.890000,6.610000,0.000000
19.21490	5.980000,-79.630000,0.000000	89.630000,7.470000,0.000000	82.280000,3.590000,0.000000	91.330000,4.980000,0.000000	85.890000,6.610000,0.000000
19.26107	6.220000,-79.720000,0.000000	89.470000,7.680000,0.000000	82.220000,3.870000,0.000000	91.330000,4.980000,0.000000	85.890000,6.610000,0.000000
19.32700	5.130000,-79.780000,0.000000	89.290000,7.760000,0.000000	82.110000,4.010000,0.000000	91.330000,4.980000,0.000000	85.890000,6.610000,0.000000
19.39363	5.010000,-79.790000,0.000000	89.160000,7.780000,0.000000	82.120000,4.060000,0.000000	91.330000,4.980000,0.000000	85.890000,6.610000,0.000000
19.39557	4.990000,-79.860000,0.000000	89.170000,7.730000,0.000000	82.120000,4.160000,0.000000	91.330000,4.980000,0.000000	85.890000,6.610000,0.000000
19.44301	4.980000,-79.980000,0.000000	89.200000,7.590000,0.000000	82.160000,4.300000,0.000000	91.330000,4.980000,0.000000	85.890000,6.610000,0.000000
19.51218	4.760000,-80.060000,0.000000	89.170000,7.470000,0.000000	82.120000,4.540000,0.000000	91.330000,4.980000,0.000000	85.890000,6.610000,0.000000
19.57343	4.160000,-80.100000,0.000000	89.100000,7.350000,0.000000	82.120000,4.530000,0.000000	91.330000,4.980000,0.000000	85.890000,6.610000,0.000000
19.57498	3.970000,-80.050000,0.000000	89.050000,7.260000,0.000000	82.080000,4.550000,0.000000	91.330000,4.980000,0.000000	85.890000,6.610000,0.000000
19.62724	4.050000,-80.040000,0.000000	89.000000,7.210000,0.000000	82.030000,4.770000,0.000000	91.330000,4.980000,0.000000	85.890000,6.610000,0.000000
19.68305	3.690000,-80.000000,0.000000	89.040000,7.150000,0.000000	82.070000,4.800000,0.000000	91.330000,4.980000,0.000000	85.890000,6.610000,0.000000
19.74428	3.490000,-79.980000,0.000000	88.930000,6.990000,0.000000	82.000000,4.870000,0.000000	91.330000,4.980000,0.000000	85.890000,6.610000,0.000000
19.75499	3.190000,-79.980000,0.000000	88.810000,6.920000,0.000000	81.950000,4.970000,0.000000	91.330000,4.980000,0.000000	85.890000,6.610000,0.000000
19.81007	2.950000,-79.950000,0.000000	88.700000,6.710000,0.000000	81.900000,5.090000,0.000000	91.330000,4.980000,0.000000	85.890000,6.610000,0.000000
19.86087	2.400000,-79.920000,0.000000	88.640000,6.550000,0.000000	81.900000,5.250000,0.000000	91.330000,4.980000,0.000000	85.890000,6.610000,0.000000
19.92763	2.430000,-79.870000,0.000000	88.640000,6.460000,0.000000	81.870000,5.300000,0.000000	91.330000,4.980000,0.000000	85.890000,6.610000,0.000000
19.93540	2.540000,-79.830000,0.000000	88.560000,6.290000,0.000000	81.840000,5.370000,0.000000	91.330000,4.980000,0.000000	85.890000,6.610000,0.000000
19.99423	2.350000,-79.750000,0.000000	88.520000,6.190000,0.000000	81.810000,5.600000,0.000000	91.330000,4.980000,0.000000	85.890000,6.610000,0.000000
20.04564	2.060000,-79.640000,0.000000	88.400000,6.150000,0.000000	81.770000,5.670000,0.000000	91.330000,4.980000,0.000000	85.890000,6.610000,0.000000
20.11054	2.330000,-79.560000,0.000000	88.290000,6.030000,0.000000	81.760000,5.600000,0.000000	91.330000,4.980000,0.000000	85.890000,6.610000,0.000000
