time	pelvis_imu	femur_r_imu	tibia_r_imu	femur_l_imu	tibia_l_imu
0.00000	-2.520000,-75.440000,0.000000	93.420000,9.050000,0.000000	88.970000,6.000000,0.000000	93.420000,9.050000,0.000000	88.970000,6.000000,0.000000
0.10858	-2.340000,-75.420000,0.000000	93.470000,9.060000,0.000000	89.020000,6.010000,0.000000	93.420000,9.050000,0.000000	88.970000,6.000000,0.000000
0.11597	-2.450000,-75.460000,0.000000	93.480000,9.040000,0.000000	89.100000,5.950000,0.000000	93.420000,9.050000,0.000000	88.970000,6.000000,0.000000
0.14345	-2.380000,-75.450000,0.000000	93.460000,9.030000,0.000000	89.040000,5.950000,0.000000	93.420000,9.050000,0.000000	88.970000,6.000000,0.000000
0.18218	-2.390000,-75.440000,0.000000	93.490000,9.060000,0.000000	89.070000,5.850000,0.000000	93.420000,9.050000,0.000000	88.970000,6.000000,0.000000
0.22957	-2.440000,-75.370000,0.000000	93.500000,9.110000,0.000000	89.020000,5.910000,0.000000	93.420000,9.050000,0.000000	88.970000,6.000000,0.000000
0.27805	-2.330000,-75.330000,0.000000	93.490000,9.180000,0.000000	89.000000,5.940000,0.000000	93.420000,9.050000,0.000000	88.970000,6.000000,0.000000
0.31513	-2.420000,-75.310000,0.000000	93.470000,9.280000,0.000000	89.000000,5.950000,0.000000	93.420000,9.050000,0.000000	88.970000,6.000000,0.000000
0.36284	-2.330000,-75.300000,0.000000	93.450000,9.310000,0.000000	89.010000,5.900000,0.000000	93.420000,9.050000,0.000000	88.970000,6.000000,0.000000
0.40914	-2.440000,-75.250000,0.000000	93.430000,9.300000,0.000000	89.010000,5.890000,0.000000	93.420000,9.050000,0.000000	88.970000,6.000000,0.000000
0.45740	-2.260000,-75.250000,0.000000	93.420000,9.290000,0.000000	89.050000,5.820000,0.000000	93.420000,9.050000,0.000000	88.970000,6.000000,0.000000
0.49928	-2.270000,-75.220000,0.000000	93.430000,9.280000,0.000000	89.040000,5.800000,0.000000	93.420000,9.050000,0.000000	88.970000,6.000000,0.000000
0.54927	-2.370000,-75.200000,0.000000	93.380000,9.290000,0.000000	89.060000,5.770000,0.000000	93.420000,9.050000,0.000000	88.970000,6.000000,0.000000
0.58613	-2.370000,-75.180000,0.000000	93.340000,9.290000,0.000000	89.060000,5.830000,0.000000	93.420000,9.050000,0.000000	88.970000,6.000000,0.000000
0.63137	-2.460000,-75.100000,0.000000	93.300000,9.350000,0.000000	89.090000,5.800000,0.000000	93.420000,9.050000,0.000000	88.970000,6.000000,0.000000
0.68268	-2.410000,-75.030000,0.000000	93.270000,9.330000,0.000000	89.080000,5.770000,0.000000	93.420000,9.050000,0.000000	88.970000,6.000000,0.000000
0.74301	-2.550000,-75.040000,0.000000	93.250000,9.360000,0.000000	89.080000,5.800000,0.000000	93.420000,9.050000,0.000000	88.970000,6.000000,0.000000
0.76712	-2.550000,-74.970000,0.000000	93.280000,9.410000,0.000000	89.060000,5.840000,0.000000	93.420000,9.050000,0.000000	88.970000,6.000000,0.000000
0.81387	-2.550000,-74.970000,0.000000	93.300000,9.390000,0.000000	89.050000,5.730000,0.000000	93.420000,9.050000,0.000000	88.970000,6.000000,0.000000
0.86330	-2.370000,-74.910000,0.000000	93.240000,9.380000,0.000000	89.060000,5.680000,0.000000	93.420000,9.050000,0.000000	88.970000,6.000000,0.000000
0.90957	-2.490000,-74.890000,0.000000	93.200000,9.390000,0.000000	89.090000,5.750000,0.000000	93.420000,9.050000,0.000000	88.970000,6.000000,0.000000
0.94820	-2.480000,-74.860000,0.000000	93.140000,9.420000,0.000000	89.090000,5.730000,0.000000	93.420000,9.050000,0.000000	88.970000,6.000000,0.000000
0.99861	-2.360000,-74.810000,0.000000	93.140000,9.450000,0.000000	89.100000,5.740000,0.000000	93.420000,9.050000,0.000000	88.970000,6.000000,0.000000
1.04282	-2.470000,-74.770000,0.000000	93.170000,9.490000,0.000000	89.090000,5.720000,0.000000	93.420000,9.050000,0.000000	88.970000,6.000000,0.000000
1.08393	-2.630000,-74.710000,0.000000	93.170000,9.600000,0.000000	89.210000,5.780000,0.000000	93.420000,9.050000,0.000000	88.970000,6.000000,0.000000
1.14739	-2.460000,-74.660000,0.000000	93.180000,9.700000,0.000000	89.220000,5.790000,0.000000	93.420000,9.050000,0.000000	88.970000,6.000000,0.000000
1.18057	-2.360000,-74.590000,0.000000	93.170000,9.690000,0.000000	89.240000,5.690000,0.000000	93.420000,9.050000,0.000000	88.970000,6.000000,0.000000
1.22119	-2.480000,-74.490000,0.000000	93.210000,9.700000,0.000000	89.290000,5.590000,0.000000	93.420000,9.050000,0.000000	88.970000,6.000000,0.000000
1.26620	-2.540000,-74.460000,0.000000	93.170000,9.650000,0.000000	89.280000,5.550000,0.000000	93.420000,9.050000,0.000000	88.970000,6.000000,0.000000
1.35167	-2.610000,-74.480000,0.000000	93.200000,9.650000,0.000000	89.260000,5.530000,0.000000	93.420000,9.050000,0.000000	88.970000,6.000000,0.000000
1.36146	-2.610000,-74.470000,0.000000	93.210000,9.570000,0.000000	89.270000,5.550000,0.000000	93.420000,9.050000,0.000000	88.970000,6.000000,0.000000
1.41487	-2.500000,-74.390000,0.000000	93.240000,9.600000,0.000000	89.260000,5.620000,0.000000	93.420000,9.050000,0.000000	88.970000,6.000000,0.000000
1.47777	-2.180000,-74.380000,0.000000	93.280000,9.610000,0.000000	89.260000,5.670000,0.000000	93.420000,9.050000,0.000000	88.970000,6.000000,0.000000
1.53102	-2.270000,-74.240000,0.000000	93.300000,9.570000,0.000000	89.330000,5.560000,0.000000	93.420000,9.050000,0.000000	88.970000,6.000000,0.000000
1.54307	-2.700000,-74.170000,0.000000	93.250000,9.550000,0.000000	89.330000,5.480000,0.000000	93.420000,9.050000,0.000000	88.970000,6.000000,0.000000
1.59639	-3.110000,-74.080000,0.000000	93.170000,9.530000,0.000000	89.270000,5.560000,0.000000	93.420000,9.050000,0.000000	88.970000,6.000000,0.000000
1.65022	-3.880000,-73.990000,0.000000	93.080000,9.460000,0.000000	89.270000,5.520000,0.000000	93.420000,9.050000,0.000000	88.970000,6.000000,0.000000
1.71188	-4.620000,-73.890000,0.000000	92.970000,9.420000,0.000000	89.200000,5.600000,0.000000	93.420000,9.050000,0.000000	88.970000,6.000000,0.000000
1.77612	-4.980000,-73.820000,0.000000	93.030000,9.390000,0.000000	89.260000,5.630000,0.000000	93.420000,9.050000,0.000000	88.970000,6.000000,0.000000
1.77919	-4.880000,-73.700000,0.000000	93.050000,9.360000,0.000000	89.340000,5.530000,0.000000	93.420000,9.050000,0.000000	88.970000,6.000000,0.000000
1.83751	-4.770000,-73.620000,0.000000	93.130000,9.250000,0.000000	89.480000,5.600000,0.000000	93.420000,9.050000,0.000000	88.970000,6.000000,0.000000
1.89501	-4.630000,-73.660000,0.000000	93.270000,9.160000,0.000000	89.570000,5.600000,0.000000	93.420000,9.050000,0.000000	88.970000,6.000000,0.000000
1.90031	-3.470000,-73.690000,0.000000	93.390000,9.170000,0.000000	89.680000,5.610000,0.000000	93.420000,9.050000,0.000000	88.970000,6.000000,0.000000
1.95709	-2.800000,-73.730000,0.000000	93.670000,9.250000,0.000000	89.890000,5.750000,0.000000	93.420000,9.050000,0.000000	88.970000,6.000000,0.000000
2.01328	-2.340000,-73.720000,0.000000	94.020000,9.250000,0.000000	90.130000,5.890000,0.000000	93.420000,9.050000,0.000000	88.970000,6.000000,0.000000
2.07713	-1.230000,-73.620000,0.000000	94.290000,9.250000,0.000000	90.420000,5.850000,0.000000	93.420000,9.050000,0.000000	88.970000,6.000000,0.000000
2.08058	-0.110000,-73.580000,0.000000	94.550000,9.160000,0.000000	90.700000,5.950000,0.000000	93.420000,9.050000,0.000000	88.970000,6.000000,0.000000
2.13009	0.700000,-73.590000,0.000000	94.790000,9.110000,0.000000	90.910000,5.840000,0.000000	93.420000,9.050000,0.000000	88.970000,6.000000,0.000000
2.19680	1.190000,-73.440000,0.000000	95.040000,9.100000,0.000000	91.130000,5.940000,0.000000	93.420000,9.050000,0.000000	88.970000,6.000000,0.000000
2.25226	1.850000,-73.470000,0.000000	95.270000,9.260000,0.000000	91.460000,6.050000,0.000000	93.420000,9.050000,0.000000	88.970000,6.000000,0.000000
2.26312	2.190000,-73.410000,0.000000	95.470000,9.070000,0.000000	91.680000,5.940000,0.000000	93.420000,9.050000,0.000000	88.970000,6.000000,0.000000
2.31414	2.520000,-73.500000,0.000000	95.750000,8.890000,0.000000	91.760000,5.990000,0.000000	93.420000,9.050000,0.000000	88.970000,6.000000,0.000000
2.37716	3.070000,-73.460000,0.000000	95.920000,8.760000,0.000000	92.140000,5.770000,0.000000	93.420000,9.050000,0.000000	88.970000,6.000000,0.000000
2.43078	3.910000,-73.450000,0.000000	96.130000,8.770000,0.000000	92.330000,5.670000,0.000000	93.420000,9.050000,0.000000	88.970000,6.000000,0.000000
2.44165	4.420000,-73.340000,0.000000	96.420000,8.580000,0.000000	92.570000,5.670000,0.000000	93.420000,9.050000,0.000000	88.970000,6.000000,0.000000
2.49649	5.020000,-73.230000,0.000000	96.550000,8.580000,0.000000	92.800000,5.560000,0.000000	93.420000,9.050000,0.000000	88.970000,6.000000,0.000000
2.54763	6.330000,-73.180000,0.000000	96.810000,8.860000,0.000000	93.060000,5.900000,0.000000	93.420000,9.050000,0.000000	88.970000,6.000000,0.000000
2.61306	7.060000,-73.190000,0.000000	96.910000,8.940000,0.000000	93.130000,6.060000,0.000000	93.420000,9.050000,0.000000	88.970000,6.000000,0.000000
2.62241	7.950000,-73.130000,0.000000	96.850000,9.070000,0.000000	93.170000,6.110000,0.000000	93.420000,9.050000,0.000000	88.970000,6.000000,0.000000
2.67694	8.420000,-73.070000,0.000000	97.060000,9.030000,0.000000	93.250000,6.160000,0.000000	93.420000,9.050000,0.000000	88.970000,6.000000,0.000000
2.73026	8.590000,-73.190000,0.000000	97.030000,8.870000,0.000000	93.370000,5.980000,0.000000	93.420000,9.050000,0.000000	88.970000,6.000000,0.000000
2.79867	8.390000,-73.310000,0.000000	97.200000,8.580000,0.000000	93.550000,5.760000,0.000000	93.420000,9.050000,0.000000	88.970000,6.000000,0.000000
2.80071	7.940000,-73.480000,0.000000	97.350000,8.260000,0.000000	93.550000,5.620000,0.000000	93.420000,9.050000,0.000000	88.970000,6.000000,0.000000
2.85544	7.680000,-73.680000,0.000000	97.340000,8.060000,0.000000	93.680000,5.370000,0.000000	93.420000,9.050000,0.000000	88.970000,6.000000,0.000000
2.91828	7.850000,-73.760000,0.000000	97.340000,8.090000,0.000000	93.650000,5.440000,0.000000	93.420000,9.050000,0.000000	88.970000,6.000000,0.000000
2.97684	8.230000,-73.860000,0.000000	97.170000,8.300000,0.000000	93.580000,5.510000,0.000000	93.420000,9.050000,0.000000	88.970000,6.000000,0.000000
2.98185	8.630000,-73.760000,0.000000	97.070000,8.550000,0.000000	93.520000,5.590000,0.000000	93.420000,9.050000,0.000000	88.970000,6.000000,0.000000
3.02970	8.540000,-73.630000,0.000000	96.950000,8.810000,0.000000	93.430000,5.770000,0.000000	93.420000,9.050000,0.000000	88.970000,6.000000,0.000000
3.09487	8.190000,-73.590000,0.000000	96.790000,8.980000,0.000000	93.160000,5.800000,0.000000	93.420000,9.050000,0.000000	88.970000,6.000000,0.000000
3.14657	7.470000,-73.690000,0.000000	96.650000,8.860000,0.000000	92.970000,5.810000,0.000000	93.420000,9.050000,0.000000	88.970000,6.000000,0.000000
3.16038	6.790000,-73.740000,0.000000	96.630000,8.780000,0.000000	92.940000,5.680000,0.000000	93.420000,9.050000,0.000000	88.970000,6.000000,0.000000
3.21266	6.130000,-73.710000,0.000000	96.450000,8.530000,0.000000	92.880000,5.380000,0.000000	93.420000,9.050000,0.000000	88.970000,6.000000,0.000000
3.28068	5.560000,-73.710000,0.000000	96.270000,8.360000,0.000000	92.790000,5.060000,0.000000	93.420000,9.050000,0.000000	88.970000,6.000000,0.000000
3.33350	4.550000,-73.760000,0.000000	95.800000,8.320000,0.000000	92.620000,4.680000,0.000000	93.420000,9.050000,0.000000	88.970000,6.000000,0.000000
3.34061	4.210000,-73.660000,0.000000	95.520000,8.470000,0.000000	92.260000,4.900000,0.000000	93.420000,9.050000,0.000000	88.970000,6.000000,0.000000
3.39750	3.190000,-73.580000,0.000000	95.200000,8.770000,0.000000	91.950000,5.240000,0.000000	93.420000,9.050000,0.000000	88.970000,6.000000,0.000000
3.45110	2.440000,-73.610000,0.000000	94.970000,8.840000,0.000000	91.590000,5.350000,0.000000	93.420000,9.050000,0.000000	88.970000,6.000000,0.000000
3.51865	0.650000,-73.430000,0.000000	94.670000,8.670000,0.000000	91.260000,5.390000,0.000000	93.420000,9.050000,0.000000	88.970000,6.000000,0.000000
3.52116	-0.670000,-73.270000,0.000000	94.480000,8.540000,0.000000	91.090000,5.350000,0.000000	93.420000,9.050000,0.000000	88.970000,6.000000,0.000000
3.57788	-1.530000,-73.030000,0.000000	94.320000,8.600000,0.000000	91.000000,5.550000,0.000000	93.420000,9.050000,0.000000	88.970000,6.000000,0.000000
3.63059	-1.890000,-72.880000,0.000000	94.180000,8.850000,0.000000	90.960000,5.720000,0.000000	93.420000,9.050000,0.000000	88.970000,6.000000,0.000000
3.69717	-1.740000,-72.690000,0.000000	94.600000,8.870000,0.000000	90.920000,5.700000,0.000000	93.420000,9.050000,0.000000	88.970000,6.000000,0.000000
3.70192	-0.830000,-72.630000,0.000000	94.940000,8.600000,0.000000	91.250000,5.580000,0.000000	93.420000,9.050000,0.000000	88.970000,6.000000,0.000000
3.76008	1.200000,-72.300000,0.000000	95.320000,8.430000,0.000000	91.450000,5.720000,0.000000	93.420000,9.050000,0.000000	88.970000,6.000000,0.000000
3.81243	3.450000,-72.140000,0.000000	95.520000,8.290000,0.000000	91.370000,5.890000,0.000000	93.420000,9.050000,0.000000	88.970000,6.000000,0.000000
3.87701	6.120000,-71.950000,0.000000	95.630000,8.240000,0.000000	91.490000,5.660000,0.000000	93.420000,9.050000,0.000000	88.970000,6.000000,0.000000
3.88011	5.890000,-71.960000,0.000000	95.740000,7.920000,0.000000	91.520000,5.800000,0.000000	93.420000,9.050000,0.000000	88.970000,6.000000,0.000000
3.93082	5.520000,-71.880000,0.000000	95.570000,7.630000,0.000000	91.430000,5.650000,0.000000	93.420000,9.050000,0.000000	88.970000,6.000000,0.000000
3.99806	5.260000,-71.500000,0.000000	95.410000,7.570000,0.000000	91.590000,5.500000,0.000000	93.420000,9.050000,0.000000	88.970000,6.000000,0.000000
4.05433	5.620000,-71.280000,0.000000	95.850000,7.460000,0.000000	91.740000,5.230000,0.000000	93.420000,9.050000,0.000000	88.970000,6.000000,0.000000
4.05947	6.840000,-71.130000,0.000000	96.120000,6.920000,0.000000	91.960000,4.920000,0.000000	93.420000,9.050000,0.000000	88.970000,6.000000,0.000000
4.11317	5.770000,-71.060000,0.000000	95.760000,5.680000,0.000000	91.970000,3.410000,0.000000	93.420000,9.050000,0.000000	88.970000,6.000000,0.000000
4.17641	5.860000,-71.050000,0.000000	95.290000,4.600000,0.000000	91.680000,2.340000,0.000000	93.420000,9.050000,0.000000	88.970000,6.000000,0.000000
4.23858	5.420000,-70.890000,0.000000	95.160000,4.050000,0.000000	92.270000,2.560000,0.000000	93.420000,9.050000,0.000000	88.970000,6.000000,0.000000
4.24238	4.680000,-71.020000,0.000000	95.080000,2.790000,0.000000	92.340000,3.340000,0.000000	93.420000,9.050000,0.000000	88.970000,6.000000,0.000000
4.29678	3.490000,-71.120000,0.000000	94.730000,1.250000,0.000000	92.190000,4.060000,0.000000	93.420000,9.050000,0.000000	88.970000,6.000000,0.000000
4.34743	3.240000,-71.360000,0.000000	94.470000,-0.340000,0.000000	91.250000,3.970000,0.000000	93.420000,9.050000,0.000000	88.970000,6.000000,0.000000
4.41437	2.570000,-71.660000,0.000000	94.220000,-2.240000,0.000000	90.750000,5.180000,0.000000	93.420000,9.050000,0.000000	88.970000,6.000000,0.000000
4.42103	2.490000,-71.930000,0.000000	93.890000,-4.410000,0.000000	90.180000,6.700000,0.000000	93.420000,9.050000,0.000000	88.970000,6.000000,0.000000
4.48098	0.810000,-72.140000,0.000000	93.500000,-6.550000,0.000000	89.700000,8.230000,0.000000	93.420000,9.050000,0.000000	88.970000,6.000000,0.000000
4.53273	-0.190000,-72.220000,0.000000	93.050000,-9.160000,0.000000	89.150000,9.480000,0.000000	93.420000,9.050000,0.000000	88.970000,6.000000,0.000000
4.59795	-0.470000,-72.370000,0.000000	92.380000,-11.600000,0.000000	88.530000,10.660000,0.000000	93.420000,9.050000,0.000000	88.970000,6.000000,0.000000
4.60098	-2.080000,-72.730000,0.000000	91.690000,-14.540000,0.000000	88.230000,11.940000,0.000000	93.420000,9.050000,0.000000	88.970000,6.000000,0.000000
4.65998	-3.100000,-73.200000,0.000000	91.250000,-17.650000,0.000000	88.050000,12.930000,0.000000	93.420000,9.050000,0.000000	88.970000,6.000000,0.000000
4.71364	-4.850000,-73.760000,0.000000	91.170000,-20.970000,0.000000	87.570000,13.890000,0.000000	93.420000,9.050000,0.000000	88.970000,6.000000,0.000000
4.77161	-6.340000,-74.220000,0.000000	90.680000,-24.280000,0.000000	85.010000,13.610000,0.000000	93.420000,9.050000,0.000000	88.970000,6.000000,0.000000
4.78268	-7.130000,-74.710000,0.000000	89.170000,-27.480000,0.000000	84.490000,14.670000,0.000000	93.420000,9.050000,0.000000	88.970000,6.000000,0.000000
4.83046	-8.040000,-75.280000,0.000000	88.530000,-30.790000,0.000000	84.320000,14.970000,0.000000	93.420000,9.050000,0.000000	88.970000,6.000000,0.000000
4.89605	-10.550000,-75.790000,0.000000	87.230000,-34.050000,0.000000	83.970000,15.000000,0.000000	93.420000,9.050000,0.000000	88.970000,6.000000,0.000000
4.95078	-13.010000,-75.860000,0.000000	86.390000,-37.670000,0.000000	83.810000,15.380000,0.000000	93.420000,9.050000,0.000000	88.970000,6.000000,0.000000
4.96160	-15.160000,-76.400000,0.000000	85.110000,-40.890000,0.000000	83.980000,15.350000,0.000000	93.420000,9.050000,0.000000	88.970000,6.000000,0.000000
5.01400	-17.090000,-76.840000,0.000000	83.640000,-43.970000,0.000000	83.670000,15.570000,0.000000	93.420000,9.050000,0.000000	88.970000,6.000000,0.000000
5.07809	-18.200000,-77.170000,0.000000	82.810000,-47.000000,0.000000	83.220000,16.070000,0.000000	93.420000,9.050000,0.000000	88.970000,6.000000,0.000000
5.13049	-18.390000,-77.600000,0.000000	82.150000,-49.250000,0.000000	82.850000,16.550000,0.000000	93.420000,9.050000,0.000000	88.970000,6.000000,0.000000
5.14324	-20.040000,-77.900000,0.000000	81.010000,-51.590000,0.000000	82.830000,17.020000,0.000000	93.420000,9.050000,0.000000	88.970000,6.000000,0.000000
5.25550	-22.590000,-78.210000,0.000000	80.020000,-53.900000,0.000000	82.570000,16.910000,0.000000	93.420000,9.050000,0.000000	88.970000,6.000000,0.000000
5.25886	-23.780000,-78.480000,0.000000	79.250000,-55.790000,0.000000	82.540000,17.130000,0.000000	93.420000,9.050000,0.000000	88.970000,6.000000,0.000000
5.31325	-25.040000,-78.820000,0.000000	78.670000,-57.230000,0.000000	82.450000,17.270000,0.000000	93.420000,9.050000,0.000000	88.970000,6.000000,0.000000
5.32042	-26.270000,-79.090000,0.000000	77.830000,-58.210000,0.000000	81.530000,17.400000,0.000000	93.420000,9.050000,0.000000	88.970000,6.000000,0.000000
5.37892	-28.400000,-79.070000,0.000000	77.990000,-59.240000,0.000000	81.640000,17.920000,0.000000	93.420000,9.050000,0.000000	88.970000,6.000000,0.000000
5.42834	-28.000000,-79.220000,0.000000	77.520000,-59.310000,0.000000	81.600000,17.730000,0.000000	93.420000,9.050000,0.000000	88.970000,6.000000,0.000000
5.49476	-28.310000,-79.300000,0.000000	77.530000,-59.560000,0.000000	81.710000,18.320000,0.000000	93.420000,9.050000,0.000000	88.970000,6.000000,0.000000
5.50077	-28.360000,-79.030000,0.000000	77.320000,-59.170000,0.000000	81.300000,18.850000,0.000000	93.420000,9.050000,0.000000	88.970000,6.000000,0.000000
5.54991	-28.080000,-79.200000,0.000000	78.280000,-58.520000,0.000000	81.560000,19.360000,0.000000	93.420000,9.050000,0.000000	88.970000,6.000000,0.000000
5.66456	-27.120000,-78.950000,0.000000	78.350000,-57.460000,0.000000	81.100000,19.800000,0.000000	93.420000,9.050000,0.000000	88.970000,6.000000,0.000000
5.68163	-27.450000,-79.160000,0.000000	79.770000,-56.370000,0.000000	81.070000,19.590000,0.000000	93.420000,9.050000,0.000000	88.970000,6.000000,0.000000
5.68341	-26.760000,-78.970000,0.000000	80.280000,-54.720000,0.000000	80.500000,20.870000,0.000000	93.420000,9.050000,0.000000	88.970000,6.000000,0.000000
5.73069	-27.810000,-79.120000,0.000000	81.130000,-52.830000,0.000000	80.990000,20.870000,0.000000	93.420000,9.050000,0.000000	88.970000,6.000000,0.000000
5.79826	-26.480000,-78.810000,0.000000	81.740000,-50.680000,0.000000	81.400000,20.540000,0.000000	93.420000,9.050000,0.000000	88.970000,6.000000,0.000000
5.85880	-25.680000,-78.770000,0.000000	82.740000,-48.610000,0.000000	81.060000,20.530000,0.000000	93.420000,9.050000,0.000000	88.970000,6.000000,0.000000
5.86227	-27.190000,-78.640000,0.000000	83.230000,-46.280000,0.000000	81.290000,19.660000,0.000000	93.420000,9.050000,0.000000	88.970000,6.000000,0.000000
5.91216	-25.080000,-78.580000,0.000000	83.060000,-43.780000,0.000000	81.000000,18.680000,0.000000	93.420000,9.050000,0.000000	88.970000,6.000000,0.000000
5.97650	-24.260000,-78.260000,0.000000	83.360000,-40.830000,0.000000	81.670000,17.940000,0.000000	93.420000,9.050000,0.000000	88.970000,6.000000,0.000000
6.03036	-22.280000,-77.860000,0.000000	83.650000,-37.860000,0.000000	82.100000,17.230000,0.000000	93.420000,9.050000,0.000000	88.970000,6.000000,0.000000
6.04424	-21.190000,-77.700000,0.000000	83.920000,-34.980000,0.000000	82.600000,16.000000,0.000000	93.420000,9.050000,0.000000	88.970000,6.000000,0.000000
6.09389	-20.930000,-77.540000,0.000000	84.490000,-32.510000,0.000000	82.580000,15.680000,0.000000	93.420000,9.050000,0.000000	88.970000,6.000000,0.000000
6.15820	-21.080000,-77.620000,0.000000	85.020000,-29.600000,0.000000	82.990000,15.110000,0.000000	93.420000,9.050000,0.000000	88.970000,6.000000,0.000000
6.21776	-20.230000,-77.530000,0.000000	85.520000,-27.070000,0.000000	83.170000,14.670000,0.000000	93.420000,9.050000,0.000000	88.970000,6.000000,0.000000
6.21982	-19.090000,-77.340000,0.000000	86.000000,-24.250000,0.000000	83.170000,14.240000,0.000000	93.420000,9.050000,0.000000	88.970000,6.000000,0.000000
6.27753	-17.430000,-77.110000,0.000000	86.490000,-21.810000,0.000000	83.530000,13.600000,0.000000	93.420000,9.050000,0.000000	88.970000,6.000000,0.000000
6.32890	-16.830000,-77.070000,0.000000	87.160000,-19.610000,0.000000	84.010000,13.170000,0.000000	93.420000,9.050000,0.000000	88.970000,6.000000,0.000000
6.39528	-16.270000,-76.940000,0.000000	87.400000,-17.540000,0.000000	84.130000,12.110000,0.000000	93.420000,9.050000,0.000000	88.970000,6.000000,0.000000
6.40045	-15.550000,-76.700000,0.000000	87.870000,-15.890000,0.000000	84.450000,11.130000,0.000000	93.420000,9.050000,0.000000	88.970000,6.000000,0.000000
6.45142	-14.970000,-76.460000,0.000000	88.100000,-14.260000,0.000000	85.090000,9.950000,0.000000	93.420000,9.050000,0.000000	88.970000,6.000000,0.000000
6.51519	-13.170000,-76.120000,0.000000	88.440000,-12.580000,0.000000	85.540000,10.330000,0.000000	93.420000,9.050000,0.000000	88.970000,6.000000,0.000000
6.57740	-12.220000,-76.070000,0.000000	88.880000,-11.460000,0.000000	85.790000,10.320000,0.000000	93.420000,9.050000,0.000000	88.970000,6.000000,0.000000
6.58026	-11.190000,-76.100000,0.000000	88.840000,-11.000000,0.000000	85.750000,9.900000,0.000000	93.420000,9.050000,0.000000	88.970000,6.000000,0.000000
6.63818	-10.300000,-76.170000,0.000000	89.130000,-10.630000,0.000000	85.810000,9.510000,0.000000	93.420000,9.050000,0.000000	88.970000,6.000000,0.000000
6.69514	-9.680000,-76.210000,0.000000	89.530000,-10.670000,0.000000	85.640000,9.620000,0.000000	93.420000,9.050000,0.000000	88.970000,6.000000,0.000000
6.76048	-9.230000,-76.230000,0.000000	89.980000,-10.820000,0.000000	85.300000,10.550000,0.000000	93.420000,9.050000,0.000000	88.970000,6.000000,0.000000
6.76215	-8.640000,-76.460000,0.000000	90.520000,-11.270000,0.000000	84.940000,11.310000,0.000000	93.420000,9.050000,0.000000	88.970000,6.000000,0.000000
6.81327	-8.460000,-76.840000,0.000000	90.730000,-12.020000,0.000000	84.630000,12.160000,0.000000	93.420000,9.050000,0.000000	88.970000,6.000000,0.000000
6.88041	-6.580000,-77.050000,0.000000	91.050000,-12.860000,0.000000	84.420000,12.980000,0.000000	93.420000,9.050000,0.000000	88.970000,6.000000,0.000000
6.93655	-5.450000,-77.240000,0.000000	91.100000,-14.390000,0.000000	84.340000,13.720000,0.000000	93.420000,9.050000,0.000000	88.970000,6.000000,0.000000
6.94017	-6.760000,-77.610000,0.000000	91.410000,-16.370000,0.000000	84.360000,14.340000,0.000000	93.420000,9.050000,0.000000	88.970000,6.000000,0.000000
6.99661	-5.790000,-78.110000,0.000000	91.810000,-18.450000,0.000000	84.170000,14.940000,0.000000	93.420000,9.050000,0.000000	88.970000,6.000000,0.000000
7.05946	-5.820000,-78.560000,0.000000	91.860000,-20.820000,0.000000	84.030000,16.130000,0.000000	93.420000,9.050000,0.000000	88.970000,6.000000,0.000000
7.17825	-7.600000,-78.930000,0.000000	91.460000,-23.300000,0.000000	83.510000,17.050000,0.000000	93.420000,9.050000,0.000000	88.970000,6.000000,0.000000
7.18107	-8.500000,-79.120000,0.000000	90.700000,-25.680000,0.000000	82.630000,17.890000,0.000000	93.420000,9.050000,0.000000	88.970000,6.000000,0.000000
7.18404	-9.540000,-79.230000,0.000000	90.290000,-28.330000,0.000000	82.560000,18.580000,0.000000	93.420000,9.050000,0.000000	88.970000,6.000000,0.000000
7.23765	-9.590000,-79.500000,0.000000	89.640000,-30.730000,0.000000	83.070000,18.620000,0.000000	93.420000,9.050000,0.000000	88.970000,6.000000,0.000000
7.29621	-10.410000,-79.850000,0.000000	88.800000,-32.990000,0.000000	82.880000,18.170000,0.000000	93.420000,9.050000,0.000000	88.970000,6.000000,0.000000
7.30209	-10.660000,-79.900000,0.000000	87.850000,-35.200000,0.000000	82.940000,17.520000,0.000000	93.420000,9.050000,0.000000	88.970000,6.000000,0.000000
7.35920	-9.640000,-80.070000,0.000000	87.090000,-37.470000,0.000000	83.050000,16.450000,0.000000	93.420000,9.050000,0.000000	88.970000,6.000000,0.000000
7.41165	-11.380000,-80.250000,0.000000	86.650000,-39.950000,0.000000	83.770000,15.340000,0.000000	93.420000,9.050000,0.000000	88.970000,6.000000,0.000000
7.47708	-11.140000,-80.560000,0.000000	86.180000,-42.070000,0.000000	84.510000,13.760000,0.000000	93.420000,9.050000,0.000000	88.970000,6.000000,0.000000
7.48348	-11.850000,-80.790000,0.000000	85.500000,-44.070000,0.000000	84.980000,11.840000,0.000000	93.420000,9.050000,0.000000	88.970000,6.000000,0.000000
7.53726	-13.160000,-80.930000,0.000000	85.700000,-46.030000,0.000000	85.600000,9.630000,0.000000	93.420000,9.050000,0.000000	88.970000,6.000000,0.000000
7.59638	-16.030000,-81.080000,0.000000	85.860000,-48.080000,0.000000	86.530000,6.930000,0.000000	93.420000,9.050000,0.000000	88.970000,6.000000,0.000000
7.65266	-16.450000,-81.450000,0.000000	85.230000,-49.860000,0.000000	87.140000,4.030000,0.000000	93.420000,9.050000,0.000000	88.970000,6.000000,0.000000
7.66018	-17.530000,-81.800000,0.000000	84.610000,-51.450000,0.000000	87.840000,1.130000,0.000000	93.420000,9.050000,0.000000	88.970000,6.000000,0.000000
7.71236	-19.290000,-82.130000,0.000000	84.290000,-53.060000,0.000000	88.680000,-1.680000,0.000000	93.420000,9.050000,0.000000	88.970000,6.000000,0.000000
7.78134	-23.940000,-82.310000,0.000000	83.830000,-54.610000,0.000000	89.160000,-4.450000,0.000000	93.420000,9.050000,0.000000	88.970000,6.000000,0.000000
7.83259	-26.640000,-82.660000,0.000000	83.050000,-55.880000,0.000000	89.730000,-6.400000,0.000000	93.420000,9.050000,0.000000	88.970000,6.000000,0.000000
7.84001	-30.500000,-82.980000,0.000000	82.280000,-56.790000,0.000000	90.020000,-8.570000,0.000000	93.420000,9.050000,0.000000	88.970000,6.000000,0.000000
7.89600	-32.650000,-83.170000,0.000000	81.580000,-57.950000,0.000000	90.480000,-10.390000,0.000000	93.420000,9.050000,0.000000	88.970000,6.000000,0.000000
7.95643	-35.200000,-83.430000,0.000000	81.050000,-58.920000,0.000000	90.680000,-12.010000,0.000000	93.420000,9.050000,0.000000	88.970000,6.000000,0.000000
8.01944	-35.930000,-83.660000,0.000000	80.420000,-59.810000,0.000000	90.850000,-13.220000,0.000000	93.420000,9.050000,0.000000	88.970000,6.000000,0.000000
8.02178	-37.910000,-83.730000,0.000000	80.360000,-60.560000,0.000000	90.870000,-13.950000,0.000000	93.420000,9.050000,0.000000	88.970000,6.000000,0.000000
8.07751	-37.190000,-83.980000,0.000000	79.710000,-60.770000,0.000000	90.790000,-14.330000,0.000000	93.420000,9.050000,0.000000	88.970000,6.000000,0.000000
8.13081	-38.150000,-84.000000,0.000000	79.820000,-61.260000,0.000000	91.000000,-14.470000,0.000000	93.420000,9.050000,0.000000	88.970000,6.000000,0.000000
8.19690	-39.610000,-84.030000,0.000000	79.510000,-61.740000,0.000000	90.990000,-14.140000,0.000000	93.420000,9.050000,0.000000	88.970000,6.000000,0.000000
8.19994	-40.410000,-83.970000,0.000000	79.580000,-61.990000,0.000000	91.080000,-13.440000,0.000000	93.420000,9.050000,0.000000	88.970000,6.000000,0.000000
8.25845	-40.050000,-83.880000,0.000000	79.330000,-61.890000,0.000000	90.740000,-12.510000,0.000000	93.420000,9.050000,0.000000	88.970000,6.000000,0.000000
8.31626	-39.540000,-83.800000,0.000000	79.530000,-61.800000,0.000000	90.290000,-10.960000,0.000000	93.420000,9.050000,0.000000	88.970000,6.000000,0.000000
8.37603	-39.660000,-83.660000,0.000000	79.390000,-61.600000,0.000000	89.550000,-9.260000,0.000000	93.420000,9.050000,0.000000	88.970000,6.000000,0.000000
8.38036	-39.790000,-83.460000,0.000000	79.550000,-61.490000,0.000000	89.150000,-6.330000,0.000000	93.420000,9.050000,0.000000	88.970000,6.000000,0.000000
8.43716	-38.810000,-83.310000,0.000000	79.360000,-60.980000,0.000000	88.810000,-3.590000,0.000000	93.420000,9.050000,0.000000	88.970000,6.000000,0.000000
8.49675	-38.320000,-83.200000,0.000000	79.560000,-60.520000,0.000000	88.430000,-0.630000,0.000000	93.420000,9.050000,0.000000	88.970000,6.000000,0.000000
8.55699	-37.900000,-82.990000,0.000000	79.590000,-60.170000,0.000000	88.140000,2.870000,0.000000	93.420000,9.050000,0.000000	88.970000,6.000000,0.000000
8.56073	-37.050000,-82.890000,0.000000	79.870000,-59.700000,0.000000	88.000000,6.430000,0.000000	93.420000,9.050000,0.000000	88.970000,6.000000,0.000000
8.61224	-35.760000,-82.930000,0.000000	79.900000,-59.270000,0.000000	87.740000,9.640000,0.000000	93.420000,9.050000,0.000000	88.970000,6.000000,0.000000
8.67779	-35.790000,-82.730000,0.000000	79.950000,-59.030000,0.000000	87.040000,12.670000,0.000000	93.420000,9.050000,0.000000	88.970000,6.000000,0.000000
8.73061	-35.940000,-82.600000,0.000000	80.080000,-58.830000,0.000000	86.760000,15.120000,0.000000	93.420000,9.050000,0.000000	88.970000,6.000000,0.000000
8.74242	-35.390000,-82.560000,0.000000	79.990000,-58.560000,0.000000	86.280000,16.780000,0.000000	93.420000,9.050000,0.000000	88.970000,6.000000,0.000000
8.79686	-36.820000,-82.500000,0.000000	79.860000,-58.530000,0.000000	85.630000,18.060000,0.000000	93.420000,9.050000,0.000000	88.970000,6.000000,0.000000
8.85824	-37.530000,-82.460000,0.000000	79.920000,-58.390000,0.000000	85.350000,18.850000,0.000000	93.420000,9.050000,0.000000	88.970000,6.000000,0.000000
8.91769	-38.570000,-82.410000,0.000000	79.880000,-58.290000,0.000000	85.130000,19.100000,0.000000	93.420000,9.050000,0.000000	88.970000,6.000000,0.000000
8.92071	-38.380000,-82.380000,0.000000	80.230000,-58.070000,0.000000	85.340000,18.960000,0.000000	93.420000,9.050000,0.000000	88.970000,6.000000,0.000000
8.97957	-37.850000,-82.550000,0.000000	80.160000,-57.970000,0.000000	85.470000,18.210000,0.000000	93.420000,9.050000,0.000000	88.970000,6.000000,0.000000
9.09728	-38.740000,-82.630000,0.000000	80.230000,-58.110000,0.000000	85.710000,17.080000,0.000000	93.420000,9.050000,0.000000	88.970000,6.000000,0.000000
9.10006	-39.170000,-82.680000,0.000000	80.550000,-58.160000,0.000000	86.000000,15.510000,0.000000	93.420000,9.050000,0.000000	88.970000,6.000000,0.000000
9.10287	-38.280000,-82.860000,0.000000	79.470000,-58.240000,0.000000	86.150000,13.800000,0.000000	93.420000,9.050000,0.000000	88.970000,6.000000,0.000000
9.15204	-40.120000,-82.700000,0.000000	79.670000,-58.410000,0.000000	86.630000,11.340000,0.000000	93.420000,9.050000,0.000000	88.970000,6.000000,0.000000
9.21383	-40.690000,-82.610000,0.000000	79.800000,-58.430000,0.000000	87.060000,8.720000,0.000000	93.420000,9.050000,0.000000	88.970000,6.000000,0.000000
9.28107	-40.710000,-82.770000,0.000000	79.690000,-58.060000,0.000000	87.330000,6.220000,0.000000	93.420000,9.050000,0.000000	88.970000,6.000000,0.000000
9.28345	-39.420000,-82.820000,0.000000	79.340000,-57.800000,0.000000	87.680000,3.780000,0.000000	93.420000,9.050000,0.000000	88.970000,6.000000,0.000000
9.33034	-40.880000,-82.750000,0.000000	79.640000,-57.940000,0.000000	88.050000,0.930000,0.000000	93.420000,9.050000,0.000000	88.970000,6.000000,0.000000
9.39737	-42.380000,-82.750000,0.000000	79.800000,-58.060000,0.000000	88.270000,-1.860000,0.000000	93.420000,9.050000,0.000000	88.970000,6.000000,0.000000
9.45199	-43.090000,-82.790000,0.000000	79.510000,-57.760000,0.000000	88.610000,-3.870000,0.000000	93.420000,9.050000,0.000000	88.970000,6.000000,0.000000
9.46196	-43.860000,-82.900000,0.000000	79.220000,-57.420000,0.000000	88.870000,-5.950000,0.000000	93.420000,9.050000,0.000000	88.970000,6.000000,0.000000
9.51333	-44.410000,-82.820000,0.000000	79.590000,-57.260000,0.000000	89.130000,-7.910000,0.000000	93.420000,9.050000,0.000000	88.970000,6.000000,0.000000
9.57888	-44.110000,-82.840000,0.000000	79.290000,-56.920000,0.000000	89.250000,-9.560000,0.000000	93.420000,9.050000,0.000000	88.970000,6.000000,0.000000
9.63040	-44.070000,-82.910000,0.000000	79.250000,-56.690000,0.000000	89.260000,-11.040000,0.000000	93.420000,9.050000,0.000000	88.970000,6.000000,0.000000
9.64038	-44.790000,-82.780000,0.000000	79.460000,-56.750000,0.000000	89.610000,-12.270000,0.000000	93.420000,9.050000,0.000000	88.970000,6.000000,0.000000
9.69759	-45.190000,-82.750000,0.000000	79.180000,-56.700000,0.000000	89.630000,-12.990000,0.000000	93.420000,9.050000,0.000000	88.970000,6.000000,0.000000
9.76015	-44.540000,-82.810000,0.000000	78.950000,-56.340000,0.000000	89.550000,-13.060000,0.000000	93.420000,9.050000,0.000000	88.970000,6.000000,0.000000
9.81242	-42.060000,-82.870000,0.000000	79.270000,-56.000000,0.000000	89.640000,-12.660000,0.000000	93.420000,9.050000,0.000000	88.970000,6.000000,0.000000
9.82113	-42.270000,-83.030000,0.000000	79.960000,-55.740000,0.000000	89.280000,-11.080000,0.000000	93.420000,9.050000,0.000000	88.970000,6.000000,0.000000
9.87655	-42.160000,-82.960000,0.000000	79.790000,-54.890000,0.000000	88.660000,-9.960000,0.000000	93.420000,9.050000,0.000000	88.970000,6.000000,0.000000
9.93071	-41.880000,-83.370000,0.000000	81.560000,-53.970000,0.000000	88.430000,-7.320000,0.000000	93.420000,9.050000,0.000000	88.970000,6.000000,0.000000
9.99791	-39.490000,-83.330000,0.000000	81.320000,-52.390000,0.000000	88.150000,-5.410000,0.000000	93.420000,9.050000,0.000000	88.970000,6.000000,0.000000
9.99992	-40.580000,-83.570000,0.000000	82.330000,-51.400000,0.000000	87.820000,-2.770000,0.000000	93.420000,9.050000,0.000000	88.970000,6.000000,0.000000
10.11126	-38.660000,-83.390000,0.000000	82.670000,-49.500000,0.000000	86.980000,-0.770000,0.000000	93.420000,9.050000,0.000000	88.970000,6.000000,0.000000
10.11957	-38.060000,-83.450000,0.000000	83.280000,-48.030000,0.000000	86.580000,1.740000,0.000000	93.420000,9.050000,0.000000	88.970000,6.000000,0.000000
10.17839	-34.530000,-83.260000,0.000000	83.670000,-45.900000,0.000000	85.990000,3.520000,0.000000	93.420000,9.050000,0.000000	88.970000,6.000000,0.000000
10.18085	-31.570000,-83.270000,0.000000	84.470000,-43.950000,0.000000	85.560000,6.190000,0.000000	93.420000,9.050000,0.000000	88.970000,6.000000,0.000000
10.23734	-32.170000,-83.040000,0.000000	84.990000,-41.990000,0.000000	85.330000,7.310000,0.000000	93.420000,9.050000,0.000000	88.970000,6.000000,0.000000
10.29815	-29.990000,-82.730000,0.000000	85.620000,-39.580000,0.000000	84.850000,8.870000,0.000000	93.420000,9.050000,0.000000	88.970000,6.000000,0.000000
10.35963	-29.660000,-82.450000,0.000000	86.450000,-37.210000,0.000000	85.080000,9.420000,0.000000	93.420000,9.050000,0.000000	88.970000,6.000000,0.000000
10.36175	-26.710000,-81.980000,0.000000	86.540000,-34.600000,0.000000	84.400000,10.070000,0.000000	93.420000,9.050000,0.000000	88.970000,6.000000,0.000000
10.41363	-25.670000,-81.730000,0.000000	86.820000,-32.080000,0.000000	84.370000,10.220000,0.000000	93.420000,9.050000,0.000000	88.970000,6.000000,0.000000
10.47757	-21.940000,-81.270000,0.000000	87.020000,-29.360000,0.000000	84.380000,10.430000,0.000000	93.420000,9.050000,0.000000	88.970000,6.000000,0.000000
10.53099	-19.320000,-80.990000,0.000000	87.240000,-26.490000,0.000000	84.700000,11.070000,0.000000	93.420000,9.050000,0.000000	88.970000,6.000000,0.000000
10.54219	-17.790000,-80.690000,0.000000	87.710000,-24.060000,0.000000	84.750000,10.950000,0.000000	93.420000,9.050000,0.000000	88.970000,6.000000,0.000000
10.59551	-15.750000,-80.430000,0.000000	88.100000,-21.560000,0.000000	84.300000,10.420000,0.000000	93.420000,9.050000,0.000000	88.970000,6.000000,0.000000
10.65755	-16.040000,-80.270000,0.000000	88.460000,-18.970000,0.000000	84.740000,11.390000,0.000000	93.420000,9.050000,0.000000	88.970000,6.000000,0.000000
10.71247	-14.570000,-80.360000,0.000000	89.180000,-16.050000,0.000000	84.740000,11.580000,0.000000	93.420000,9.050000,0.000000	88.970000,6.000000,0.000000
10.72048	-12.370000,-80.340000,0.000000	89.580000,-13.760000,0.000000	84.700000,11.370000,0.000000	93.420000,9.050000,0.000000	88.970000,6.000000,0.000000
10.77964	-10.940000,-80.220000,0.000000	90.000000,-11.300000,0.000000	84.920000,11.410000,0.000000	93.420000,9.050000,0.000000	88.970000,6.000000,0.000000
10.82966	-9.890000,-80.110000,0.000000	90.450000,-9.060000,0.000000	85.120000,11.160000,0.000000	93.420000,9.050000,0.000000	88.970000,6.000000,0.000000
10.96674	-8.450000,-80.020000,0.000000	90.840000,-6.880000,0.000000	85.200000,11.060000,0.000000	93.420000,9.050000,0.000000	88.970000,6.000000,0.000000
10.96886	-7.560000,-79.970000,0.000000	91.190000,-4.810000,0.000000	85.380000,10.960000,0.000000	93.420000,9.050000,0.000000	88.970000,6.000000,0.000000
10.97150	-5.560000,-79.810000,0.000000	91.500000,-2.880000,0.000000	85.400000,10.940000,0.000000	93.420000,9.050000,0.000000	88.970000,6.000000,0.000000
11.01519	-4.900000,-79.610000,0.000000	91.780000,-1.130000,0.000000	85.590000,10.810000,0.000000	93.420000,9.050000,0.000000	88.970000,6.000000,0.000000
11.07772	-4.190000,-79.420000,0.000000	92.080000,0.480000,0.000000	85.670000,11.000000,0.000000	93.420000,9.050000,0.000000	88.970000,6.000000,0.000000
11.08304	-2.720000,-79.200000,0.000000	92.200000,2.210000,0.000000	85.610000,11.290000,0.000000	93.420000,9.050000,0.000000	88.970000,6.000000,0.000000
11.12890	-1.370000,-78.800000,0.000000	92.400000,3.930000,0.000000	85.560000,12.000000,0.000000	93.420000,9.050000,0.000000	88.970000,6.000000,0.000000
11.19867	-0.180000,-78.370000,0.000000	92.480000,5.360000,0.000000	85.640000,12.070000,0.000000	93.420000,9.050000,0.000000	88.970000,6.000000,0.000000
11.25161	0.860000,-77.800000,0.000000	92.540000,6.320000,0.000000	85.610000,11.900000,0.000000	93.420000,9.050000,0.000000	88.970000,6.000000,0.000000
11.26139	1.270000,-77.740000,0.000000	92.540000,7.260000,0.000000	85.370000,12.400000,0.000000	93.420000,9.050000,0.000000	88.970000,6.000000,0.000000
11.31268	1.710000,-77.590000,0.000000	92.690000,8.290000,0.000000	85.220000,13.070000,0.000000	93.420000,9.050000,0.000000	88.970000,6.000000,0.000000
11.37771	2.850000,-77.610000,0.000000	92.740000,9.110000,0.000000	84.740000,14.960000,0.000000	93.420000,9.050000,0.000000	88.970000,6.000000,0.000000
11.43646	2.340000,-77.420000,0.000000	92.910000,10.520000,0.000000	84.550000,17.070000,0.000000	93.420000,9.050000,0.000000	88.970000,6.000000,0.000000
11.44043	2.940000,-76.890000,0.000000	92.820000,11.830000,0.000000	84.240000,18.930000,0.000000	93.420000,9.050000,0.000000	88.970000,6.000000,0.000000
11.49861	3.500000,-76.350000,0.000000	92.730000,12.660000,0.000000	84.490000,19.990000,0.000000	93.420000,9.050000,0.000000	88.970000,6.000000,0.000000
11.55384	3.760000,-75.610000,0.000000	92.620000,13.160000,0.000000	83.950000,19.800000,0.000000	93.420000,9.050000,0.000000	88.970000,6.000000,0.000000
11.61200	2.880000,-74.830000,0.000000	92.490000,13.970000,0.000000	83.320000,20.820000,0.000000	93.420000,9.050000,0.000000	88.970000,6.000000,0.000000
11.62045	2.640000,-74.100000,0.000000	92.300000,14.770000,0.000000	82.570000,21.260000,0.000000	93.420000,9.050000,0.000000	88.970000,6.000000,0.000000
11.67832	2.530000,-73.150000,0.000000	92.130000,15.840000,0.000000	81.450000,22.380000,0.000000	93.420000,9.050000,0.000000	88.970000,6.000000,0.000000
11.73711	2.710000,-72.310000,0.000000	91.660000,17.190000,0.000000	79.820000,24.570000,0.000000	93.420000,9.050000,0.000000	88.970000,6.000000,0.000000
11.79804	3.030000,-71.370000,0.000000	91.300000,18.520000,0.000000	78.270000,27.180000,0.000000	93.420000,9.050000,0.000000	88.970000,6.000000,0.000000
11.80082	2.940000,-70.250000,0.000000	90.920000,19.490000,0.000000	77.530000,28.700000,0.000000	93.420000,9.050000,0.000000	88.970000,6.000000,0.000000
11.85805	2.960000,-69.100000,0.000000	90.580000,19.700000,0.000000	76.400000,30.280000,0.000000	93.420000,9.050000,0.000000	88.970000,6.000000,0.000000
11.91409	2.360000,-68.110000,0.000000	90.190000,19.930000,0.000000	74.730000,32.220000,0.000000	93.420000,9.050000,0.000000	88.970000,6.000000,0.000000
11.98174	1.960000,-67.460000,0.000000	89.940000,20.240000,0.000000	72.430000,34.430000,0.000000	93.420000,9.050000,0.000000	88.970000,6.000000,0.000000
11.98442	1.480000,-66.840000,0.000000	89.760000,20.420000,0.000000	70.020000,37.180000,0.000000	93.420000,9.050000,0.000000	88.970000,6.000000,0.000000
12.03187	1.380000,-66.160000,0.000000	89.410000,20.750000,0.000000	66.100000,40.550000,0.000000	93.420000,9.050000,0.000000	88.970000,6.000000,0.000000
12.09590	2.060000,-65.670000,0.000000	89.070000,21.200000,0.000000	59.140000,43.700000,0.000000	93.420000,9.050000,0.000000	88.970000,6.000000,0.000000
12.15370	2.330000,-64.940000,0.000000	88.640000,21.690000,0.000000	50.760000,46.760000,0.000000	93.420000,9.050000,0.000000	88.970000,6.000000,0.000000
12.15950	2.140000,-64.660000,0.000000	88.860000,21.770000,0.000000	41.220000,48.550000,0.000000	93.420000,9.050000,0.000000	88.970000,6.000000,0.000000
12.21339	2.350000,-64.290000,0.000000	88.840000,21.940000,0.000000	31.020000,50.530000,0.000000	93.420000,9.050000,0.000000	88.970000,6.000000,0.000000
12.27790	2.050000,-63.870000,0.000000	88.740000,21.550000,0.000000	21.830000,52.300000,0.000000	93.420000,9.050000,0.000000	88.970000,6.000000,0.000000
12.33078	2.020000,-63.580000,0.000000	88.580000,21.020000,0.000000	13.130000,53.630000,0.000000	93.420000,9.050000,0.000000	88.970000,6.000000,0.000000
12.34137	2.440000,-63.240000,0.000000	88.320000,20.640000,0.000000	4.610000,54.850000,0.000000	93.420000,9.050000,0.000000	88.970000,6.000000,0.000000
12.39328	2.520000,-63.200000,0.000000	87.940000,20.070000,0.000000	-3.030000,55.560000,0.000000	93.420000,9.050000,0.000000	88.970000,6.000000,0.000000
12.45608	2.160000,-62.960000,0.000000	87.660000,19.210000,0.000000	-9.450000,57.150000,0.000000	93.420000,9.050000,0.000000	88.970000,6.000000,0.000000
12.51812	1.980000,-62.660000,0.000000	87.360000,18.800000,0.000000	-13.350000,59.370000,0.000000	93.420000,9.050000,0.000000	88.970000,6.000000,0.000000
12.52078	1.370000,-62.530000,0.000000	87.110000,17.960000,0.000000	-15.000000,60.480000,0.000000	93.420000,9.050000,0.000000	88.970000,6.000000,0.000000
12.58117	1.140000,-62.470000,0.000000	86.680000,17.440000,0.000000	-14.410000,62.020000,0.000000	93.420000,9.050000,0.000000	88.970000,6.000000,0.000000
12.63742	1.220000,-62.350000,0.000000	86.680000,16.870000,0.000000	-13.090000,62.900000,0.000000	93.420000,9.050000,0.000000	88.970000,6.000000,0.000000
12.69844	0.900000,-62.400000,0.000000	86.490000,16.010000,0.000000	-10.970000,64.000000,0.000000	93.420000,9.050000,0.000000	88.970000,6.000000,0.000000
12.70089	0.270000,-62.440000,0.000000	86.500000,15.250000,0.000000	-7.670000,64.620000,0.000000	93.420000,9.050000,0.000000	88.970000,6.000000,0.000000
12.76071	-0.500000,-62.510000,0.000000	86.450000,14.690000,0.000000	-3.910000,64.690000,0.000000	93.420000,9.050000,0.000000	88.970000,6.000000,0.000000
12.81782	-0.510000,-62.810000,0.000000	86.490000,14.170000,0.000000	0.480000,63.390000,0.000000	93.420000,9.050000,0.000000	88.970000,6.000000,0.000000
12.87716	-0.990000,-62.790000,0.000000	86.360000,13.420000,0.000000	5.210000,61.760000,0.000000	93.420000,9.050000,0.000000	88.970000,6.000000,0.000000
12.87974	-0.810000,-63.190000,0.000000	86.170000,12.410000,0.000000	9.910000,59.520000,0.000000	93.420000,9.050000,0.000000	88.970000,6.000000,0.000000
12.92979	-1.640000,-63.490000,0.000000	86.530000,11.340000,0.000000	14.780000,57.550000,0.000000	93.420000,9.050000,0.000000	88.970000,6.000000,0.000000
12.99344	-2.420000,-63.920000,0.000000	86.710000,10.070000,0.000000	19.380000,55.330000,0.000000	93.420000,9.050000,0.000000	88.970000,6.000000,0.000000
13.05983	-2.060000,-64.650000,0.000000	87.050000,9.100000,0.000000	23.670000,53.200000,0.000000	93.420000,9.050000,0.000000	88.970000,6.000000,0.000000
13.06204	-2.480000,-65.340000,0.000000	87.220000,8.170000,0.000000	27.700000,51.710000,0.000000	93.420000,9.050000,0.000000	88.970000,6.000000,0.000000
13.11277	-2.170000,-66.040000,0.000000	87.460000,7.530000,0.000000	31.500000,50.640000,0.000000	93.420000,9.050000,0.000000	88.970000,6.000000,0.000000
13.18011	-2.430000,-66.760000,0.000000	87.580000,6.770000,0.000000	34.840000,49.100000,0.000000	93.420000,9.050000,0.000000	88.970000,6.000000,0.000000
13.22874	-2.480000,-67.250000,0.000000	87.560000,5.740000,0.000000	38.310000,47.690000,0.000000	93.420000,9.050000,0.000000	88.970000,6.000000,0.000000
13.24310	-1.960000,-67.740000,0.000000	87.570000,4.930000,0.000000	41.100000,46.840000,0.000000	93.420000,9.050000,0.000000	88.970000,6.000000,0.000000
13.29754	-1.960000,-68.070000,0.000000	87.510000,4.270000,0.000000	43.570000,46.640000,0.000000	93.420000,9.050000,0.000000	88.970000,6.000000,0.000000
13.35920	-1.840000,-68.560000,0.000000	87.390000,3.750000,0.000000	44.880000,47.160000,0.000000	93.420000,9.050000,0.000000	88.970000,6.000000,0.000000
13.41252	-1.730000,-68.830000,0.000000	87.440000,3.420000,0.000000	44.510000,48.310000,0.000000	93.420000,9.050000,0.000000	88.970000,6.000000,0.000000
13.42313	-1.840000,-69.100000,0.000000	87.150000,2.980000,0.000000	42.460000,49.770000,0.000000	93.420000,9.050000,0.000000	88.970000,6.000000,0.000000
13.47910	-1.380000,-69.280000,0.000000	87.120000,2.520000,0.000000	40.510000,51.400000,0.000000	93.420000,9.050000,0.000000	88.970000,6.000000,0.000000
13.52876	-1.630000,-69.450000,0.000000	87.060000,1.610000,0.000000	36.680000,53.170000,0.000000	93.420000,9.050000,0.000000	88.970000,6.000000,0.000000
13.59667	-2.030000,-69.730000,0.000000	87.150000,0.940000,0.000000	32.280000,54.390000,0.000000	93.420000,9.050000,0.000000	88.970000,6.000000,0.000000
13.60199	-1.530000,-70.070000,0.000000	87.150000,0.240000,0.000000	29.000000,55.940000,0.000000	93.420000,9.050000,0.000000	88.970000,6.000000,0.000000
13.65174	-1.790000,-70.360000,0.000000	87.120000,-0.540000,0.000000	27.530000,57.490000,0.000000	93.420000,9.050000,0.000000	88.970000,6.000000,0.000000
13.71850	-2.150000,-70.590000,0.000000	87.110000,-1.250000,0.000000	27.650000,58.430000,0.000000	93.420000,9.050000,0.000000	88.970000,6.000000,0.000000
13.77719	-2.360000,-70.760000,0.000000	87.070000,-1.830000,0.000000	28.830000,59.000000,0.000000	93.420000,9.050000,0.000000	88.970000,6.000000,0.000000
13.78080	-1.740000,-71.040000,0.000000	87.240000,-2.170000,0.000000	29.650000,58.900000,0.000000	93.420000,9.050000,0.000000	88.970000,6.000000,0.000000
13.83113	-1.970000,-71.350000,0.000000	87.330000,-2.620000,0.000000	30.450000,58.210000,0.000000	93.420000,9.050000,0.000000	88.970000,6.000000,0.000000
13.89816	-1.810000,-71.580000,0.000000	87.400000,-3.110000,0.000000	32.800000,58.030000,0.000000	93.420000,9.050000,0.000000	88.970000,6.000000,0.000000
13.94824	-1.660000,-71.870000,0.000000	87.440000,-3.440000,0.000000	35.290000,56.930000,0.000000	93.420000,9.050000,0.000000	88.970000,6.000000,0.000000
13.96241	-2.460000,-72.280000,0.000000	87.350000,-3.950000,0.000000	37.840000,55.620000,0.000000	93.420000,9.050000,0.000000	88.970000,6.000000,0.000000
14.01899	-2.810000,-72.680000,0.000000	87.540000,-4.010000,0.000000	41.390000,54.040000,0.000000	93.420000,9.050000,0.000000	88.970000,6.000000,0.000000
14.07612	-2.850000,-73.020000,0.000000	87.580000,-4.320000,0.000000	44.550000,51.930000,0.000000	93.420000,9.050000,0.000000	88.970000,6.000000,0.000000
14.14056	-3.120000,-73.300000,0.000000	87.550000,-4.520000,0.000000	47.820000,49.220000,0.000000	93.420000,9.050000,0.000000	88.970000,6.000000,0.000000
14.14330	-2.550000,-73.570000,0.000000	87.460000,-4.720000,0.000000	51.200000,47.110000,0.000000	93.420000,9.050000,0.000000	88.970000,6.000000,0.000000
14.19552	-2.700000,-73.920000,0.000000	87.570000,-5.120000,0.000000	54.210000,45.290000,0.000000	93.420000,9.050000,0.000000	88.970000,6.000000,0.000000
14.25291	-3.680000,-74.380000,0.000000	87.840000,-4.420000,0.000000	56.340000,41.880000,0.000000	93.420000,9.050000,0.000000	88.970000,6.000000,0.000000
14.31791	-3.620000,-74.710000,0.000000	87.930000,-4.460000,0.000000	59.190000,39.290000,0.000000	93.420000,9.050000,0.000000	88.970000,6.000000,0.000000
14.32086	-3.180000,-74.990000,0.000000	88.140000,-4.070000,0.000000	62.140000,36.630000,0.000000	93.420000,9.050000,0.000000	88.970000,6.000000,0.000000
14.37843	-2.990000,-75.300000,0.000000	88.340000,-3.680000,0.000000	64.780000,34.390000,0.000000	93.420000,9.050000,0.000000	88.970000,6.000000,0.000000
14.43021	-2.720000,-75.640000,0.000000	88.680000,-3.290000,0.000000	67.380000,31.770000,0.000000	93.420000,9.050000,0.000000	88.970000,6.000000,0.000000
14.49475	-2.030000,-75.950000,0.000000	88.980000,-2.940000,0.000000	69.690000,29.340000,0.000000	93.420000,9.050000,0.000000	88.970000,6.000000,0.000000
14.50017	-2.360000,-76.320000,0.000000	89.270000,-2.640000,0.000000	71.970000,27.160000,0.000000	93.420000,9.050000,0.000000	88.970000,6.000000,0.000000
14.55708	-2.370000,-76.660000,0.000000	89.530000,-2.300000,0.000000	74.250000,24.810000,0.000000	93.420000,9.050000,0.000000	88.970000,6.000000,0.000000
14.61446	-2.460000,-76.970000,0.000000	89.790000,-2.200000,0.000000	76.300000,22.580000,0.000000	93.420000,9.050000,0.000000	88.970000,6.000000,0.000000
14.67728	-2.400000,-77.320000,0.000000	90.030000,-2.110000,0.000000	78.250000,20.430000,0.000000	93.420000,9.050000,0.000000	88.970000,6.000000,0.000000
14.68152	-1.970000,-77.730000,0.000000	90.320000,-1.900000,0.000000	79.970000,18.790000,0.000000	93.420000,9.050000,0.000000	88.970000,6.000000,0.000000
14.73126	-2.100000,-78.230000,0.000000	90.490000,-1.730000,0.000000	81.650000,17.240000,0.000000	93.420000,9.050000,0.000000	88.970000,6.000000,0.000000
14.79810	-1.940000,-78.600000,0.000000	90.810000,-1.650000,0.000000	83.160000,15.940000,0.000000	93.420000,9.050000,0.000000	88.970000,6.000000,0.000000
14.85897	-1.110000,-78.920000,0.000000	91.010000,-1.510000,0.000000	84.560000,14.620000,0.000000	93.420000,9.050000,0.000000	88.970000,6.000000,0.000000
14.86145	-0.510000,-79.230000,0.000000	91.330000,-1.470000,0.000000	85.870000,13.570000,0.000000	93.420000,9.050000,0.000000	88.970000,6.000000,0.000000
14.91208	-0.740000,-79.480000,0.000000	91.510000,-1.330000,0.000000	87.010000,12.520000,0.000000	93.420000,9.050000,0.000000	88.970000,6.000000,0.000000
14.97931	-0.390000,-79.700000,0.000000	91.610000,-1.060000,0.000000	88.050000,11.750000,0.000000	93.420000,9.050000,0.000000	88.970000,6.000000,0.000000
15.03711	0.030000,-79.840000,0.000000	91.770000,-0.950000,0.000000	88.970000,10.900000,0.000000	93.420000,9.050000,0.000000	88.970000,6.000000,0.000000
15.03922	0.060000,-79.920000,0.000000	91.890000,-0.850000,0.000000	89.870000,10.190000,0.000000	93.420000,9.050000,0.000000	88.970000,6.000000,0.000000
15.09656	0.570000,-80.070000,0.000000	92.060000,-0.580000,0.000000	90.600000,9.680000,0.000000	93.420000,9.050000,0.000000	88.970000,6.000000,0.000000
15.14909	0.820000,-80.160000,0.000000	92.210000,-0.490000,0.000000	91.350000,9.020000,0.000000	93.420000,9.050000,0.000000	88.970000,6.000000,0.000000
15.21385	0.900000,-80.290000,0.000000	92.330000,-0.520000,0.000000	92.010000,8.330000,0.000000	93.420000,9.050000,0.000000	88.970000,6.000000,0.000000
15.22060	1.220000,-80.300000,0.000000	92.490000,-0.550000,0.000000	92.590000,7.720000,0.000000	93.420000,9.050000,0.000000	88.970000,6.000000,0.000000
15.28122	1.490000,-80.330000,0.000000	92.580000,-0.450000,0.000000	93.130000,7.230000,0.000000	93.420000,9.050000,0.000000	88.970000,6.000000,0.000000
15.33474	1.680000,-80.350000,0.000000	92.660000,-0.370000,0.000000	93.690000,6.650000,0.000000	93.420000,9.050000,0.000000	88.970000,6.000000,0.000000
15.39862	1.490000,-80.370000,0.000000	92.640000,-0.300000,0.000000	94.020000,6.430000,0.000000	93.420000,9.050000,0.000000	88.970000,6.000000,0.000000
15.40100	1.860000,-80.620000,0.000000	92.650000,-0.180000,0.000000	94.180000,6.370000,0.000000	93.420000,9.050000,0.000000	88.970000,6.000000,0.000000
15.45624	1.850000,-80.850000,0.000000	92.740000,-0.270000,0.000000	94.410000,6.260000,0.000000	93.420000,9.050000,0.000000	88.970000,6.000000,0.000000
15.51173	2.020000,-80.960000,0.000000	92.610000,-0.380000,0.000000	94.580000,5.970000,0.000000	93.420000,9.050000,0.000000	88.970000,6.000000,0.000000
15.57914	1.790000,-81.070000,0.000000	92.620000,-0.440000,0.000000	94.820000,5.770000,0.000000	93.420000,9.050000,0.000000	88.970000,6.000000,0.000000
15.58256	2.090000,-81.070000,0.000000	92.580000,-0.450000,0.000000	94.850000,5.530000,0.000000	93.420000,9.050000,0.000000	88.970000,6.000000,0.000000
15.62920	2.760000,-81.120000,0.000000	92.520000,-0.470000,0.000000	95.060000,5.490000,0.000000	93.420000,9.050000,0.000000	88.970000,6.000000,0.000000
15.69652	2.980000,-81.130000,0.000000	92.540000,-0.530000,0.000000	94.990000,5.670000,0.000000	93.420000,9.050000,0.000000	88.970000,6.000000,0.000000
15.75952	2.580000,-81.190000,0.000000	92.570000,-0.580000,0.000000	94.970000,5.430000,0.000000	93.420000,9.050000,0.000000	88.970000,6.000000,0.000000
15.76172	2.950000,-81.090000,0.000000	92.680000,-0.780000,0.000000	95.090000,5.210000,0.000000	93.420000,9.050000,0.000000	88.970000,6.000000,0.000000
15.81180	3.430000,-81.080000,0.000000	92.750000,-0.890000,0.000000	95.040000,5.340000,0.000000	93.420000,9.050000,0.000000	88.970000,6.000000,0.000000
15.88145	3.140000,-81.190000,0.000000	92.850000,-1.040000,0.000000	95.160000,5.110000,0.000000	93.420000,9.050000,0.000000	88.970000,6.000000,0.000000
15.93873	2.380000,-81.080000,0.000000	92.850000,-1.540000,0.000000	95.260000,4.480000,0.000000	93.420000,9.050000,0.000000	88.970000,6.000000,0.000000
15.94078	1.610000,-80.870000,0.000000	92.650000,-2.000000,0.000000	95.480000,3.750000,0.000000	93.420000,9.050000,0.000000	88.970000,6.000000,0.000000
15.99596	1.370000,-80.640000,0.000000	92.760000,-2.290000,0.000000	95.860000,4.140000,0.000000	93.420000,9.050000,0.000000	88.970000,6.000000,0.000000
16.05986	1.620000,-80.400000,0.000000	92.550000,-2.830000,0.000000	95.700000,3.630000,0.000000	93.420000,9.050000,0.000000	88.970000,6.000000,0.000000
16.11241	2.590000,-80.190000,0.000000	92.220000,-3.830000,0.000000	95.440000,2.760000,0.000000	93.420000,9.050000,0.000000	88.970000,6.000000,0.000000
16.12206	3.540000,-80.040000,0.000000	91.850000,-5.210000,0.000000	95.210000,2.610000,0.000000	93.420000,9.050000,0.000000	88.970000,6.000000,0.000000
16.17774	2.130000,-80.230000,0.000000	91.960000,-7.000000,0.000000	94.970000,2.760000,0.000000	93.420000,9.050000,0.000000	88.970000,6.000000,0.000000
16.30661	2.320000,-80.360000,0.000000	91.960000,-8.620000,0.000000	94.440000,3.120000,0.000000	93.420000,9.050000,0.000000	88.970000,6.000000,0.000000
16.30963	2.150000,-80.450000,0.000000	91.960000,-10.550000,0.000000	94.330000,3.780000,0.000000	93.420000,9.050000,0.000000	88.970000,6.000000,0.000000
16.31122	0.670000,-80.600000,0.000000	91.880000,-12.560000,0.000000	94.210000,4.640000,0.000000	93.420000,9.050000,0.000000	88.970000,6.000000,0.000000
16.35830	0.540000,-80.810000,0.000000	91.910000,-14.690000,0.000000	93.940000,5.490000,0.000000	93.420000,9.050000,0.000000	88.970000,6.000000,0.000000
16.42067	1.930000,-81.290000,0.000000	92.030000,-17.200000,0.000000	93.630000,5.980000,0.000000	93.420000,9.050000,0.000000	88.970000,6.000000,0.000000
16.47631	1.590000,-81.440000,0.000000	92.220000,-20.150000,0.000000	93.410000,6.480000,0.000000	93.420000,9.050000,0.000000	88.970000,6.000000,0.000000
16.48177	4.840000,-81.720000,0.000000	91.780000,-22.870000,0.000000	93.290000,6.770000,0.000000	93.420000,9.050000,0.000000	88.970000,6.000000,0.000000
16.53783	2.440000,-82.110000,0.000000	91.250000,-25.970000,0.000000	92.980000,7.520000,0.000000	93.420000,9.050000,0.000000	88.970000,6.000000,0.000000
16.59413	2.570000,-82.400000,0.000000	90.600000,-29.190000,0.000000	92.630000,8.490000,0.000000	93.420000,9.050000,0.000000	88.970000,6.000000,0.000000
16.64691	0.860000,-82.730000,0.000000	90.600000,-32.600000,0.000000	90.970000,10.760000,0.000000	93.420000,9.050000,0.000000	88.970000,6.000000,0.000000
16.66157	-1.560000,-82.970000,0.000000	90.670000,-35.690000,0.000000	88.750000,13.650000,0.000000	93.420000,9.050000,0.000000	88.970000,6.000000,0.000000
16.71819	-0.660000,-83.280000,0.000000	89.980000,-38.480000,0.000000	85.690000,16.360000,0.000000	93.420000,9.050000,0.000000	88.970000,6.000000,0.000000
16.77730	-2.050000,-83.600000,0.000000	89.320000,-40.610000,0.000000	84.320000,18.210000,0.000000	93.420000,9.050000,0.000000	88.970000,6.000000,0.000000
16.83453	-1.890000,-83.820000,0.000000	89.040000,-42.390000,0.000000	83.380000,19.970000,0.000000	93.420000,9.050000,0.000000	88.970000,6.000000,0.000000
16.84139	-3.480000,-84.110000,0.000000	88.820000,-43.780000,0.000000	82.940000,21.240000,0.000000	93.420000,9.050000,0.000000	88.970000,6.000000,0.000000
16.89763	-4.310000,-84.260000,0.000000	89.260000,-44.540000,0.000000	82.760000,22.030000,0.000000	93.420000,9.050000,0.000000	88.970000,6.000000,0.000000
16.94755	-5.910000,-84.080000,0.000000	89.160000,-44.730000,0.000000	82.200000,22.900000,0.000000	93.420000,9.050000,0.000000	88.970000,6.000000,0.000000
17.01484	-5.810000,-83.880000,0.000000	89.610000,-44.540000,0.000000	81.700000,23.190000,0.000000	93.420000,9.050000,0.000000	88.970000,6.000000,0.000000
17.02049	-5.280000,-83.520000,0.000000	89.860000,-43.890000,0.000000	81.090000,24.590000,0.000000	93.420000,9.050000,0.000000	88.970000,6.000000,0.000000
17.07947	-7.870000,-83.100000,0.000000	90.000000,-42.670000,0.000000	82.130000,25.020000,0.000000	93.420000,9.050000,0.000000	88.970000,6.000000,0.000000
17.14644	-6.410000,-82.600000,0.000000	90.250000,-40.690000,0.000000	79.590000,22.950000,0.000000	93.420000,9.050000,0.000000	88.970000,6.000000,0.000000
17.19464	-9.050000,-81.960000,0.000000	90.060000,-39.920000,0.000000	82.470000,22.000000,0.000000	93.420000,9.050000,0.000000	88.970000,6.000000,0.000000
17.19958	-6.840000,-81.190000,0.000000	90.220000,-37.470000,0.000000	82.310000,19.970000,0.000000	93.420000,9.050000,0.000000	88.970000,6.000000,0.000000
17.25730	-5.080000,-80.560000,0.000000	90.310000,-35.700000,0.000000	83.090000,19.640000,0.000000	93.420000,9.050000,0.000000	88.970000,6.000000,0.000000
17.31410	-6.370000,-80.140000,0.000000	91.120000,-33.080000,0.000000	84.300000,19.000000,0.000000	93.420000,9.050000,0.000000	88.970000,6.000000,0.000000
17.37688	-4.220000,-79.560000,0.000000	91.420000,-30.870000,0.000000	84.620000,17.170000,0.000000	93.420000,9.050000,0.000000	88.970000,6.000000,0.000000
17.38129	-2.980000,-78.960000,0.000000	91.880000,-28.610000,0.000000	85.710000,16.330000,0.000000	93.420000,9.050000,0.000000	88.970000,6.000000,0.000000
17.43492	-1.540000,-78.410000,0.000000	92.420000,-26.380000,0.000000	86.490000,15.080000,0.000000	93.420000,9.050000,0.000000	88.970000,6.000000,0.000000
17.49823	-0.140000,-78.050000,0.000000	93.220000,-23.850000,0.000000	87.260000,14.770000,0.000000	93.420000,9.050000,0.000000	88.970000,6.000000,0.000000
17.54765	1.520000,-77.890000,0.000000	93.490000,-21.330000,0.000000	87.740000,14.470000,0.000000	93.420000,9.050000,0.000000	88.970000,6.000000,0.000000
17.56132	2.560000,-77.700000,0.000000	94.080000,-18.930000,0.000000	88.360000,13.790000,0.000000	93.420000,9.050000,0.000000	88.970000,6.000000,0.000000
17.61507	3.860000,-77.390000,0.000000	94.370000,-16.690000,0.000000	88.960000,13.200000,0.000000	93.420000,9.050000,0.000000	88.970000,6.000000,0.000000
17.67775	5.410000,-77.320000,0.000000	94.650000,-14.430000,0.000000	89.320000,12.840000,0.000000	93.420000,9.050000,0.000000	88.970000,6.000000,0.000000
17.73230	6.230000,-77.370000,0.000000	95.020000,-11.980000,0.000000	89.790000,12.710000,0.000000	93.420000,9.050000,0.000000	88.970000,6.000000,0.000000
17.74281	6.750000,-77.420000,0.000000	95.170000,-9.800000,0.000000	90.010000,12.250000,0.000000	93.420000,9.050000,0.000000	88.970000,6.000000,0.000000
17.79686	7.510000,-77.490000,0.000000	95.450000,-7.750000,0.000000	90.300000,12.110000,0.000000	93.420000,9.050000,0.000000	88.970000,6.000000,0.000000
17.85662	8.230000,-77.510000,0.000000	95.600000,-5.850000,0.000000	90.570000,11.830000,0.000000	93.420000,9.050000,0.000000	88.970000,6.000000,0.000000
17.91386	8.990000,-77.560000,0.000000	95.850000,-4.080000,0.000000	90.830000,11.680000,0.000000	93.420000,9.050000,0.000000	88.970000,6.000000,0.000000
17.92045	8.640000,-77.730000,0.000000	96.010000,-2.480000,0.000000	90.920000,11.500000,0.000000	93.420000,9.050000,0.000000	88.970000,6.000000,0.000000
17.97672	8.590000,-77.870000,0.000000	96.130000,-0.890000,0.000000	91.020000,11.420000,0.000000	93.420000,9.050000,0.000000	88.970000,6.000000,0.000000
18.03176	8.590000,-77.970000,0.000000	96.200000,0.600000,0.000000	91.050000,11.450000,0.000000	93.420000,9.050000,0.000000	88.970000,6.000000,0.000000
18.09654	8.890000,-78.070000,0.000000	96.270000,2.020000,0.000000	90.980000,11.540000,0.000000	93.420000,9.050000,0.000000	88.970000,6.000000,0.000000
18.10052	9.350000,-78.140000,0.000000	96.270000,3.400000,0.000000	90.960000,11.700000,0.000000	93.420000,9.050000,0.000000	88.970000,6.000000,0.000000
18.14967	9.150000,-78.250000,0.000000	96.300000,4.630000,0.000000	90.920000,11.820000,0.000000	93.420000,9.050000,0.000000	88.970000,6.000000,0.000000
18.21173	9.250000,-78.290000,0.000000	96.250000,5.700000,0.000000	90.860000,11.970000,0.000000	93.420000,9.050000,0.000000	88.970000,6.000000,0.000000
18.27660	8.730000,-78.310000,0.000000	96.150000,6.660000,0.000000	90.840000,12.130000,0.000000	93.420000,9.050000,0.000000	88.970000,6.000000,0.000000
18.28119	8.830000,-78.340000,0.000000	95.980000,7.650000,0.000000	90.620000,12.470000,0.000000	93.420000,9.050000,0.000000	88.970000,6.000000,0.000000
18.33263	8.860000,-78.440000,0.000000	95.570000,8.700000,0.000000	90.610000,12.460000,0.000000	93.420000,9.050000,0.000000	88.970000,6.000000,0.000000
18.39689	9.030000,-78.480000,0.000000	95.220000,9.630000,0.000000	90.280000,13.170000,0.000000	93.420000,9.050000,0.000000	88.970000,6.000000,0.000000
18.45275	8.660000,-78.560000,0.000000	95.100000,10.330000,0.000000	89.960000,13.930000,0.000000	93.420000,9.050000,0.000000	88.970000,6.000000,0.000000
18.46022	8.400000,-78.600000,0.000000	94.760000,10.920000,0.000000	89.590000,14.860000,0.000000	93.420000,9.050000,0.000000	88.970000,6.000000,0.000000
18.51925	8.630000,-78.650000,0.000000	94.440000,11.510000,0.000000	89.420000,14.870000,0.000000	93.420000,9.050000,0.000000	88.970000,6.000000,0.000000
18.58046	7.780000,-78.660000,0.000000	94.530000,11.470000,0.000000	89.460000,13.960000,0.000000	93.420000,9.050000,0.000000	88.970000,6.000000,0.000000
18.63102	4.490000,-78.650000,0.000000	94.410000,11.250000,0.000000	89.260000,14.500000,0.000000	93.420000,9.050000,0.000000	88.970000,6.000000,0.000000
18.64051	2.960000,-78.730000,0.000000	94.130000,11.520000,0.000000	88.980000,14.710000,0.000000	93.420000,9.050000,0.000000	88.970000,6.000000,0.000000
18.69680	2.910000,-78.700000,0.000000	93.850000,11.720000,0.000000	88.780000,14.320000,0.000000	93.420000,9.050000,0.000000	88.970000,6.000000,0.000000
18.75780	2.990000,-78.620000,0.000000	93.700000,11.930000,0.000000	88.640000,14.250000,0.000000	93.420000,9.050000,0.000000	88.970000,6.000000,0.000000
18.81235	2.810000,-78.550000,0.000000	93.500000,12.120000,0.000000	88.360000,14.330000,0.000000	93.420000,9.050000,0.000000	88.970000,6.000000,0.000000
18.81967	1.850000,-78.530000,0.000000	93.390000,12.050000,0.000000	88.080000,13.940000,0.000000	93.420000,9.050000,0.000000	88.970000,6.000000,0.000000
18.87832	1.230000,-78.550000,0.000000	93.230000,11.780000,0.000000	87.860000,13.290000,0.000000	93.420000,9.050000,0.000000	88.970000,6.000000,0.000000
18.92871	1.690000,-78.480000,0.000000	92.840000,11.940000,0.000000	87.490000,13.410000,0.000000	93.420000,9.050000,0.000000	88.970000,6.000000,0.000000
18.99593	2.060000,-78.540000,0.000000	92.700000,12.400000,0.000000	87.250000,14.050000,0.000000	93.420000,9.050000,0.000000	88.970000,6.000000,0.000000
19.00082	2.900000,-78.640000,0.000000	92.660000,12.660000,0.000000	86.800000,15.180000,0.000000	93.420000,9.050000,0.000000	88.970000,6.000000,0.000000
19.05859	2.760000,-78.750000,0.000000	92.570000,12.590000,0.000000	87.320000,15.610000,0.000000	93.420000,9.050000,0.000000	88.970000,6.000000,0.000000
19.11711	3.220000,-78.770000,0.000000	92.300000,12.300000,0.000000	86.920000,15.440000,0.000000	93.420000,9.050000,0.000000	88.970000,6.000000,0.000000
19.17928	1.980000,-79.030000,0.000000	92.150000,12.230000,0.000000	86.670000,16.310000,0.000000	93.420000,9.050000,0.000000	88.970000,6.000000,0.000000
19.18115	2.490000,-79.240000,0.000000	92.420000,12.310000,0.000000	86.640000,16.870000,0.000000	93.420000,9.050000,0.000000	88.970000,6.000000,0.000000
19.22780	1.770000,-79.580000,0.000000	92.160000,11.960000,0.000000	86.300000,16.880000,0.000000	93.420000,9.050000,0.000000	88.970000,6.000000,0.000000
19.29826	1.510000,-79.580000,0.000000	92.020000,11.630000,0.000000	86.050000,16.580000,0.000000	93.420000,9.050000,0.000000	88.970000,6.000000,0.000000
19.35717	1.110000,-79.610000,0.000000	92.050000,11.290000,0.000000	86.080000,16.280000,0.000000	93.420000,9.050000,0.000000	88.970000,6.000000,0.000000
19.35925	1.040000,-79.570000,0.000000	92.030000,11.080000,0.000000	86.020000,16.080000,0.000000	93.420000,9.050000,0.000000	88.970000,6.000000,0.000000
19.41754	1.160000,-79.600000,0.000000	92.060000,10.890000,0.000000	86.090000,15.850000,0.000000	93.420000,9.050000,0.000000	88.970000,6.000000,0.000000
19.48000	1.340000,-79.600000,0.000000	92.000000,10.640000,0.000000	86.000000,15.530000,0.000000	93.420000,9.050000,0.000000	88.970000,6.000000,0.000000
19.53069	1.490000,-79.620000,0.000000	92.070000,10.440000,0.000000	86.110000,15.380000,0.000000	93.420000,9.050000,0.000000	88.970000,6.000000,0.000000
19.54045	1.170000,-79.690000,0.000000	92.120000,10.360000,0.000000	86.080000,15.440000,0.000000	93.420000,9.050000,0.000000	88.970000,6.000000,0.000000
19.59513	1.550000,-79.720000,0.000000	92.090000,10.510000,0.000000	86.090000,15.630000,0.000000	93.420000,9.050000,0.000000	88.970000,6.000000,0.000000
19.64584	3.620000,-79.560000,0.000000	92.020000,10.860000,0.000000	86.070000,15.880000,0.000000	93.420000,9.050000,0.000000	88.970000,6.000000,0.000000
19.71351	5.080000,-79.450000,0.000000	91.910000,11.110000,0.000000	85.960000,16.130000,0.000000	93.420000,9.050000,0.000000	88.970000,6.000000,0.000000
19.72071	6.070000,-79.470000,0.000000	91.710000,11.440000,0.000000	85.750000,16.410000,0.000000	93.420000,9.050000,0.000000	88.970000,6.000000,0.000000
19.77728	7.380000,-79.580000,0.000000	91.490000,11.650000,0.000000	85.620000,16.440000,0.000000	93.420000,9.050000,0.000000	88.970000,6.000000,0.000000
19.83005	7.920000,-79.690000,0.000000	91.360000,11.670000,0.000000	85.450000,16.600000,0.000000	93.420000,9.050000,0.000000	88.970000,6.000000,0.000000
19.90196	7.420000,-79.830000,0.000000	91.390000,11.360000,0.000000	85.500000,16.350000,0.000000	93.420000,9.050000,0.000000	88.970000,6.000000,0.000000
19.90455	5.490000,-79.860000,0.000000	91.430000,10.710000,0.000000	85.600000,15.990000,0.000000	93.420000,9.050000,0.000000	88.970000,6.000000,0.000000
19.95889	3.470000,-79.950000,0.000000	91.510000,10.050000,0.000000	85.730000,15.620000,0.000000	93.420000,9.050000,0.000000	88.970000,6.000000,0.000000
20.01419	3.000000,-80.070000,0.000000	91.530000,9.770000,0.000000	85.760000,15.640000,0.000000	93.420000,9.050000,0.000000	88.970000,6.000000,0.000000
20.07938	3.420000,-80.180000,0.000000	91.430000,9.850000,0.000000	85.670000,15.800000,0.000000	93.420000,9.050000,0.000000	88.970000,6.000000,0.000000
