time	pelvis_imu	femur_r_imu	tibia_r_imu	femur_l_imu	tibia_l_imu
0.000	-32.660000,-78.090000,0.000000	90.930000,-17.100000,0.000000	84.760000,14.680000,0.000000	90.930000,-17.100000,0.000000	84.760000,14.680000,0.000000
0.120	-32.660000,-78.090000,0.000000	90.960000,-17.200000,0.000000	84.770000,14.580000,0.000000	90.930000,-17.100000,0.000000	84.760000,14.680000,0.000000
0.256	-32.660000,-78.090000,0.000000	91.020000,-17.410000,0.000000	84.830000,14.550000,0.000000	90.930000,-17.100000,0.000000	84.760000,14.680000,0.000000
0.391	-32.660000,-78.090000,0.000000	91.100000,-17.500000,0.000000	84.820000,14.580000,0.000000	90.930000,-17.100000,0.000000	84.760000,14.680000,0.000000
0.510	-32.660000,-78.090000,0.000000	91.140000,-17.540000,0.000000	84.820000,14.620000,0.000000	90.930000,-17.100000,0.000000	84.760000,14.680000,0.000000
0.645	-32.660000,-78.090000,0.000000	91.130000,-17.630000,0.000000	84.930000,14.610000,0.000000	90.930000,-17.100000,0.000000	84.760000,14.680000,0.000000
0.780	-32.660000,-78.090000,0.000000	91.170000,-17.700000,0.000000	85.100000,14.530000,0.000000	90.930000,-17.100000,0.000000	84.760000,14.680000,0.000000
0.901	-32.660000,-78.090000,0.000000	91.290000,-17.680000,0.000000	85.200000,14.520000,0.000000	90.930000,-17.100000,0.000000	84.760000,14.680000,0.000000
1.035	-32.660000,-78.090000,0.000000	91.350000,-17.740000,0.000000	85.220000,14.370000,0.000000	90.930000,-17.100000,0.000000	84.760000,14.680000,0.000000
1.171	-32.660000,-78.090000,0.000000	91.340000,-17.820000,0.000000	85.240000,14.400000,0.000000	90.930000,-17.100000,0.000000	84.760000,14.680000,0.000000
1.290	-32.660000,-78.090000,0.000000	91.360000,-17.790000,0.000000	85.260000,14.460000,0.000000	90.930000,-17.100000,0.000000	84.760000,14.680000,0.000000
1.425	-32.660000,-78.090000,0.000000	91.290000,-17.730000,0.000000	85.380000,14.500000,0.000000	90.930000,-17.100000,0.000000	84.760000,14.680000,0.000000
1.560	-32.660000,-78.090000,0.000000	91.270000,-17.660000,0.000000	85.220000,14.480000,0.000000	90.930000,-17.100000,0.000000	84.760000,14.680000,0.000000
1.680	-32.660000,-78.090000,0.000000	91.330000,-17.700000,0.000000	85.260000,14.480000,0.000000	90.930000,-17.100000,0.000000	84.760000,14.680000,0.000000
1.815	-32.660000,-78.090000,0.000000	91.400000,-17.780000,0.000000	85.190000,14.530000,0.000000	90.930000,-17.100000,0.000000	84.760000,14.680000,0.000000
1.950	-32.660000,-78.090000,0.000000	91.290000,-17.790000,0.000000	85.110000,14.550000,0.000000	90.930000,-17.100000,0.000000	84.760000,14.680000,0.000000
2.070	-32.660000,-78.090000,0.000000	91.290000,-17.820000,0.000000	85.150000,14.530000,0.000000	90.930000,-17.100000,0.000000	84.760000,14.680000,0.000000
2.205	-32.660000,-78.090000,0.000000	91.370000,-17.810000,0.000000	85.080000,14.490000,0.000000	90.930000,-17.100000,0.000000	84.760000,14.680000,0.000000
2.341	-32.660000,-78.090000,0.000000	91.400000,-17.790000,0.000000	85.030000,14.440000,0.000000	90.930000,-17.100000,0.000000	84.760000,14.680000,0.000000
2.460	-32.660000,-78.090000,0.000000	91.460000,-18.020000,0.000000	85.100000,14.440000,0.000000	90.930000,-17.100000,0.000000	84.760000,14.680000,0.000000
2.595	-32.660000,-78.090000,0.000000	91.450000,-18.020000,0.000000	85.030000,14.430000,0.000000	90.930000,-17.100000,0.000000	84.760000,14.680000,0.000000
2.765	-32.660000,-78.090000,0.000000	91.510000,-17.990000,0.000000	85.030000,14.540000,0.000000	90.930000,-17.100000,0.000000	84.760000,14.680000,0.000000
2.850	-32.660000,-78.090000,0.000000	91.420000,-17.980000,0.000000	85.010000,14.500000,0.000000	90.930000,-17.100000,0.000000	84.760000,14.680000,0.000000
2.986	-32.660000,-78.090000,0.000000	91.440000,-17.970000,0.000000	85.010000,14.570000,0.000000	90.930000,-17.100000,0.000000	84.760000,14.680000,0.000000
3.121	-32.660000,-78.090000,0.000000	91.440000,-17.960000,0.000000	84.960000,14.640000,0.000000	90.930000,-17.100000,0.000000	84.760000,14.680000,0.000000
3.240	-32.660000,-78.090000,0.000000	91.530000,-17.950000,0.000000	84.950000,14.670000,0.000000	90.930000,-17.100000,0.000000	84.760000,14.680000,0.000000
3.376	-32.660000,-78.090000,0.000000	91.560000,-17.960000,0.000000	84.960000,14.740000,0.000000	90.930000,-17.100000,0.000000	84.760000,14.680000,0.000000
3.510	-32.660000,-78.090000,0.000000	91.520000,-18.010000,0.000000	84.940000,14.670000,0.000000	90.930000,-17.100000,0.000000	84.760000,14.680000,0.000000
3.631	-32.660000,-78.090000,0.000000	91.540000,-18.160000,0.000000	84.910000,14.950000,0.000000	90.930000,-17.100000,0.000000	84.760000,14.680000,0.000000
3.765	-32.660000,-78.090000,0.000000	91.520000,-18.020000,0.000000	84.860000,15.000000,0.000000	90.930000,-17.100000,0.000000	84.760000,14.680000,0.000000
3.900	-32.660000,-78.090000,0.000000	91.310000,-18.090000,0.000000	84.870000,14.970000,0.000000	90.930000,-17.100000,0.000000	84.760000,14.680000,0.000000
4.021	-32.660000,-78.090000,0.000000	91.240000,-18.030000,0.000000	84.810000,14.830000,0.000000	90.930000,-17.100000,0.000000	84.760000,14.680000,0.000000
4.155	-32.660000,-78.090000,0.000000	91.380000,-18.030000,0.000000	84.980000,14.920000,0.000000	90.930000,-17.100000,0.000000	84.760000,14.680000,0.000000
4.290	-32.660000,-78.090000,0.000000	91.390000,-17.990000,0.000000	85.060000,14.840000,0.000000	90.930000,-17.100000,0.000000	84.760000,14.680000,0.000000
4.410	-32.660000,-78.090000,0.000000	91.370000,-17.990000,0.000000	85.040000,14.890000,0.000000	90.930000,-17.100000,0.000000	84.760000,14.680000,0.000000
4.546	-32.660000,-78.090000,0.000000	91.380000,-17.820000,0.000000	84.930000,15.020000,0.000000	90.930000,-17.100000,0.000000	84.760000,14.680000,0.000000
4.680	-32.660000,-78.090000,0.000000	91.380000,-17.760000,0.000000	84.860000,15.040000,0.000000	90.930000,-17.100000,0.000000	84.760000,14.680000,0.000000
4.801	-32.660000,-78.090000,0.000000	91.340000,-17.780000,0.000000	84.890000,15.000000,0.000000	90.930000,-17.100000,0.000000	84.760000,14.680000,0.000000
4.935	-32.660000,-78.090000,0.000000	91.310000,-17.620000,0.000000	84.930000,15.020000,0.000000	90.930000,-17.100000,0.000000	84.760000,14.680000,0.000000
5.070	-32.660000,-78.090000,0.000000	91.250000,-17.610000,0.000000	84.860000,14.860000,0.000000	90.930000,-17.100000,0.000000	84.760000,14.680000,0.000000
5.190	-32.660000,-78.090000,0.000000	91.220000,-17.650000,0.000000	84.900000,15.020000,0.000000	90.930000,-17.100000,0.000000	84.760000,14.680000,0.000000
5.325	-32.660000,-78.090000,0.000000	91.290000,-17.650000,0.000000	84.850000,14.980000,0.000000	90.930000,-17.100000,0.000000	84.760000,14.680000,0.000000
5.461	-32.660000,-78.090000,0.000000	91.230000,-17.580000,0.000000	84.930000,14.930000,0.000000	90.930000,-17.100000,0.000000	84.760000,14.680000,0.000000
5.580	-32.660000,-78.090000,0.000000	91.280000,-17.490000,0.000000	84.730000,14.670000,0.000000	90.930000,-17.100000,0.000000	84.760000,14.680000,0.000000
5.715	-32.660000,-78.090000,0.000000	91.390000,-17.710000,0.000000	84.920000,14.700000,0.000000	90.930000,-17.100000,0.000000	84.760000,14.680000,0.000000
5.850	-32.660000,-78.090000,0.000000	91.090000,-18.290000,0.000000	85.610000,12.580000,0.000000	90.930000,-17.100000,0.000000	84.760000,14.680000,0.000000
5.970	-32.660000,-78.090000,0.000000	90.300000,-19.600000,0.000000	85.360000,13.300000,0.000000	90.930000,-17.100000,0.000000	84.760000,14.680000,0.000000
6.105	-32.660000,-78.090000,0.000000	89.810000,-22.850000,0.000000	85.270000,10.100000,0.000000	90.930000,-17.100000,0.000000	84.760000,14.680000,0.000000
6.239	-32.660000,-78.090000,0.000000	90.780000,-26.610000,0.000000	86.770000,7.950000,0.000000	90.930000,-17.100000,0.000000	84.760000,14.680000,0.000000
6.376	-32.660000,-78.090000,0.000000	91.740000,-31.320000,0.000000	87.600000,5.740000,0.000000	90.930000,-17.100000,0.000000	84.760000,14.680000,0.000000
6.495	-32.660000,-78.090000,0.000000	94.310000,-38.370000,0.000000	88.350000,1.750000,0.000000	90.930000,-17.100000,0.000000	84.760000,14.680000,0.000000
6.631	-32.660000,-78.090000,0.000000	93.340000,-45.740000,0.000000	89.720000,-3.110000,0.000000	90.930000,-17.100000,0.000000	84.760000,14.680000,0.000000
6.750	-32.660000,-78.090000,0.000000	94.180000,-53.480000,0.000000	90.860000,-7.770000,0.000000	90.930000,-17.100000,0.000000	84.760000,14.680000,0.000000
6.885	-32.660000,-78.090000,0.000000	82.710000,-61.400000,0.000000	92.150000,-13.250000,0.000000	90.930000,-17.100000,0.000000	84.760000,14.680000,0.000000
7.020	-32.660000,-78.090000,0.000000	61.270000,-67.760000,0.000000	93.600000,-18.140000,0.000000	90.930000,-17.100000,0.000000	84.760000,14.680000,0.000000
7.140	-32.660000,-78.090000,0.000000	47.310000,-72.920000,0.000000	94.630000,-23.290000,0.000000	90.930000,-17.100000,0.000000	84.760000,14.680000,0.000000
7.275	-32.660000,-78.090000,0.000000	33.850000,-77.750000,0.000000	95.280000,-27.930000,0.000000	90.930000,-17.100000,0.000000	84.760000,14.680000,0.000000
7.410	-32.660000,-78.090000,0.000000	21.040000,-81.900000,0.000000	95.750000,-32.230000,0.000000	90.930000,-17.100000,0.000000	84.760000,14.680000,0.000000
7.531	-32.660000,-78.090000,0.000000	10.020000,-85.280000,0.000000	96.490000,-35.620000,0.000000	90.930000,-17.100000,0.000000	84.760000,14.680000,0.000000
7.665	-32.660000,-78.090000,0.000000	5.030000,-88.160000,0.000000	97.630000,-38.140000,0.000000	90.930000,-17.100000,0.000000	84.760000,14.680000,0.000000
7.800	-32.660000,-78.090000,0.000000	-2.400000,-90.450000,0.000000	98.510000,-40.320000,0.000000	90.930000,-17.100000,0.000000	84.760000,14.680000,0.000000
7.920	-32.660000,-78.090000,0.000000	-11.390000,-92.380000,0.000000	99.080000,-41.530000,0.000000	90.930000,-17.100000,0.000000	84.760000,14.680000,0.000000
8.055	-32.660000,-78.090000,0.000000	-10.690000,-94.050000,0.000000	99.300000,-42.580000,0.000000	90.930000,-17.100000,0.000000	84.760000,14.680000,0.000000
8.191	-32.660000,-78.090000,0.000000	-17.330000,-95.320000,0.000000	99.420000,-43.520000,0.000000	90.930000,-17.100000,0.000000	84.760000,14.680000,0.000000
8.310	-32.660000,-78.090000,0.000000	-22.030000,-96.230000,0.000000	99.320000,-44.120000,0.000000	90.930000,-17.100000,0.000000	84.760000,14.680000,0.000000
8.445	-32.660000,-78.090000,0.000000	-21.710000,-96.730000,0.000000	99.080000,-44.550000,0.000000	90.930000,-17.100000,0.000000	84.760000,14.680000,0.000000
8.595	-32.660000,-78.090000,0.000000	-21.670000,-96.890000,0.000000	99.390000,-44.360000,0.000000	90.930000,-17.100000,0.000000	84.760000,14.680000,0.000000
8.701	-32.660000,-78.090000,0.000000	-22.590000,-96.810000,0.000000	99.170000,-44.550000,0.000000	90.930000,-17.100000,0.000000	84.760000,14.680000,0.000000
8.835	-32.660000,-78.090000,0.000000	-27.370000,-96.820000,0.000000	98.900000,-45.140000,0.000000	90.930000,-17.100000,0.000000	84.760000,14.680000,0.000000
8.970	-32.660000,-78.090000,0.000000	-30.450000,-96.340000,0.000000	98.910000,-45.360000,0.000000	90.930000,-17.100000,0.000000	84.760000,14.680000,0.000000
9.090	-32.660000,-78.090000,0.000000	-33.870000,-95.680000,0.000000	98.700000,-45.610000,0.000000	90.930000,-17.100000,0.000000	84.760000,14.680000,0.000000
9.240	-32.660000,-78.090000,0.000000	-35.060000,-95.030000,0.000000	98.500000,-45.570000,0.000000	90.930000,-17.100000,0.000000	84.760000,14.680000,0.000000
9.360	-32.660000,-78.090000,0.000000	-32.590000,-94.240000,0.000000	98.290000,-45.540000,0.000000	90.930000,-17.100000,0.000000	84.760000,14.680000,0.000000
9.480	-32.660000,-78.090000,0.000000	-32.830000,-93.540000,0.000000	97.930000,-45.320000,0.000000	90.930000,-17.100000,0.000000	84.760000,14.680000,0.000000
9.615	-32.660000,-78.090000,0.000000	-32.300000,-92.880000,0.000000	98.000000,-44.840000,0.000000	90.930000,-17.100000,0.000000	84.760000,14.680000,0.000000
9.750	-32.660000,-78.090000,0.000000	-35.100000,-92.210000,0.000000	97.300000,-45.170000,0.000000	90.930000,-17.100000,0.000000	84.760000,14.680000,0.000000
9.870	-32.660000,-78.090000,0.000000	-35.950000,-91.350000,0.000000	97.010000,-44.980000,0.000000	90.930000,-17.100000,0.000000	84.760000,14.680000,0.000000
10.005	-32.660000,-78.090000,0.000000	-35.290000,-90.630000,0.000000	97.180000,-44.060000,0.000000	90.930000,-17.100000,0.000000	84.760000,14.680000,0.000000
10.140	-32.660000,-78.090000,0.000000	-38.530000,-89.960000,0.000000	96.510000,-44.280000,0.000000	90.930000,-17.100000,0.000000	84.760000,14.680000,0.000000
10.260	-32.660000,-78.090000,0.000000	-38.220000,-89.630000,0.000000	96.230000,-43.770000,0.000000	90.930000,-17.100000,0.000000	84.760000,14.680000,0.000000
10.395	-32.660000,-78.090000,0.000000	-42.560000,-89.220000,0.000000	95.970000,-43.590000,0.000000	90.930000,-17.100000,0.000000	84.760000,14.680000,0.000000
10.530	-32.660000,-78.090000,0.000000	-42.440000,-88.930000,0.000000	95.850000,-43.170000,0.000000	90.930000,-17.100000,0.000000	84.760000,14.680000,0.000000
10.650	-32.660000,-78.090000,0.000000	-41.640000,-88.520000,0.000000	95.550000,-42.590000,0.000000	90.930000,-17.100000,0.000000	84.760000,14.680000,0.000000
10.785	-32.660000,-78.090000,0.000000	-41.330000,-88.090000,0.000000	95.290000,-42.160000,0.000000	90.930000,-17.100000,0.000000	84.760000,14.680000,0.000000
10.920	-32.660000,-78.090000,0.000000	-37.200000,-87.830000,0.000000	94.730000,-41.730000,0.000000	90.930000,-17.100000,0.000000	84.760000,14.680000,0.000000
11.041	-32.660000,-78.090000,0.000000	-33.920000,-87.130000,0.000000	94.130000,-41.510000,0.000000	90.930000,-17.100000,0.000000	84.760000,14.680000,0.000000
11.175	-32.660000,-78.090000,0.000000	-32.380000,-86.600000,0.000000	93.450000,-41.460000,0.000000	90.930000,-17.100000,0.000000	84.760000,14.680000,0.000000
11.310	-32.660000,-78.090000,0.000000	-31.230000,-86.380000,0.000000	93.570000,-40.930000,0.000000	90.930000,-17.100000,0.000000	84.760000,14.680000,0.000000
11.430	-32.660000,-78.090000,0.000000	-30.990000,-85.990000,0.000000	93.800000,-40.130000,0.000000	90.930000,-17.100000,0.000000	84.760000,14.680000,0.000000
11.565	-32.660000,-78.090000,0.000000	-29.340000,-85.550000,0.000000	93.380000,-39.760000,0.000000	90.930000,-17.100000,0.000000	84.760000,14.680000,0.000000
11.700	-32.660000,-78.090000,0.000000	-26.560000,-85.080000,0.000000	93.420000,-38.830000,0.000000	90.930000,-17.100000,0.000000	84.760000,14.680000,0.000000
11.820	-32.660000,-78.090000,0.000000	-22.930000,-84.790000,0.000000	93.630000,-37.970000,0.000000	90.930000,-17.100000,0.000000	84.760000,14.680000,0.000000
11.955	-32.660000,-78.090000,0.000000	-21.000000,-84.660000,0.000000	93.760000,-37.010000,0.000000	90.930000,-17.100000,0.000000	84.760000,14.680000,0.000000
12.090	-32.660000,-78.090000,0.000000	-16.150000,-85.030000,0.000000	93.840000,-35.900000,0.000000	90.930000,-17.100000,0.000000	84.760000,14.680000,0.000000
12.210	-32.660000,-78.090000,0.000000	-13.760000,-84.550000,0.000000	93.270000,-35.590000,0.000000	90.930000,-17.100000,0.000000	84.760000,14.680000,0.000000
12.345	-32.660000,-78.090000,0.000000	-10.380000,-84.180000,0.000000	92.490000,-35.280000,0.000000	90.930000,-17.100000,0.000000	84.760000,14.680000,0.000000
12.480	-32.660000,-78.090000,0.000000	-5.340000,-84.260000,0.000000	92.320000,-34.530000,0.000000	90.930000,-17.100000,0.000000	84.760000,14.680000,0.000000
12.600	-32.660000,-78.090000,0.000000	-2.150000,-84.120000,0.000000	92.000000,-33.840000,0.000000	90.930000,-17.100000,0.000000	84.760000,14.680000,0.000000
12.735	-32.660000,-78.090000,0.000000	1.090000,-84.210000,0.000000	91.970000,-33.220000,0.000000	90.930000,-17.100000,0.000000	84.760000,14.680000,0.000000
12.870	-32.660000,-78.090000,0.000000	5.180000,-84.370000,0.000000	92.080000,-32.560000,0.000000	90.930000,-17.100000,0.000000	84.760000,14.680000,0.000000
12.990	-32.660000,-78.090000,0.000000	7.710000,-84.340000,0.000000	92.310000,-32.170000,0.000000	90.930000,-17.100000,0.000000	84.760000,14.680000,0.000000
13.125	-32.660000,-78.090000,0.000000	8.580000,-84.530000,0.000000	92.400000,-31.640000,0.000000	90.930000,-17.100000,0.000000	84.760000,14.680000,0.000000
13.260	-32.660000,-78.090000,0.000000	10.420000,-84.620000,0.000000	92.400000,-30.850000,0.000000	90.930000,-17.100000,0.000000	84.760000,14.680000,0.000000
13.380	-32.660000,-78.090000,0.000000	13.550000,-84.730000,0.000000	92.380000,-30.390000,0.000000	90.930000,-17.100000,0.000000	84.760000,14.680000,0.000000
13.515	-32.660000,-78.090000,0.000000	14.970000,-84.790000,0.000000	92.350000,-29.920000,0.000000	90.930000,-17.100000,0.000000	84.760000,14.680000,0.000000
13.650	-32.660000,-78.090000,0.000000	18.490000,-84.490000,0.000000	92.260000,-29.530000,0.000000	90.930000,-17.100000,0.000000	84.760000,14.680000,0.000000
13.770	-32.660000,-78.090000,0.000000	18.880000,-84.540000,0.000000	92.310000,-29.170000,0.000000	90.930000,-17.100000,0.000000	84.760000,14.680000,0.000000
13.905	-32.660000,-78.090000,0.000000	17.840000,-84.560000,0.000000	92.310000,-29.220000,0.000000	90.930000,-17.100000,0.000000	84.760000,14.680000,0.000000
14.040	-32.660000,-78.090000,0.000000	15.170000,-84.480000,0.000000	92.240000,-29.460000,0.000000	90.930000,-17.100000,0.000000	84.760000,14.680000,0.000000
14.160	-32.660000,-78.090000,0.000000	14.960000,-84.450000,0.000000	92.700000,-29.730000,0.000000	90.930000,-17.100000,0.000000	84.760000,14.680000,0.000000
14.295	-32.660000,-78.090000,0.000000	14.120000,-84.390000,0.000000	92.880000,-30.270000,0.000000	90.930000,-17.100000,0.000000	84.760000,14.680000,0.000000
14.430	-32.660000,-78.090000,0.000000	17.530000,-84.210000,0.000000	92.790000,-31.030000,0.000000	90.930000,-17.100000,0.000000	84.760000,14.680000,0.000000
14.550	-32.660000,-78.090000,0.000000	16.690000,-84.340000,0.000000	92.800000,-31.890000,0.000000	90.930000,-17.100000,0.000000	84.760000,14.680000,0.000000
14.685	-32.660000,-78.090000,0.000000	19.200000,-84.130000,0.000000	92.840000,-33.010000,0.000000	90.930000,-17.100000,0.000000	84.760000,14.680000,0.000000
14.820	-32.660000,-78.090000,0.000000	18.450000,-83.920000,0.000000	92.990000,-33.760000,0.000000	90.930000,-17.100000,0.000000	84.760000,14.680000,0.000000
14.940	-32.660000,-78.090000,0.000000	16.590000,-83.690000,0.000000	93.150000,-34.470000,0.000000	90.930000,-17.100000,0.000000	84.760000,14.680000,0.000000
15.075	-32.660000,-78.090000,0.000000	15.220000,-83.800000,0.000000	93.290000,-35.010000,0.000000	90.930000,-17.100000,0.000000	84.760000,14.680000,0.000000
15.210	-32.660000,-78.090000,0.000000	14.200000,-84.010000,0.000000	93.110000,-35.940000,0.000000	90.930000,-17.100000,0.000000	84.760000,14.680000,0.000000
15.330	-32.660000,-78.090000,0.000000	15.560000,-83.930000,0.000000	93.390000,-35.920000,0.000000	90.930000,-17.100000,0.000000	84.760000,14.680000,0.000000
15.465	-32.660000,-78.090000,0.000000	11.880000,-83.970000,0.000000	93.400000,-36.510000,0.000000	90.930000,-17.100000,0.000000	84.760000,14.680000,0.000000
15.600	-32.660000,-78.090000,0.000000	7.550000,-83.640000,0.000000	93.350000,-35.960000,0.000000	90.930000,-17.100000,0.000000	84.760000,14.680000,0.000000
15.720	-32.660000,-78.090000,0.000000	5.280000,-83.000000,0.000000	93.630000,-34.900000,0.000000	90.930000,-17.100000,0.000000	84.760000,14.680000,0.000000
15.855	-32.660000,-78.090000,0.000000	1.280000,-82.900000,0.000000	94.060000,-33.240000,0.000000	90.930000,-17.100000,0.000000	84.760000,14.680000,0.000000
15.991	-32.660000,-78.090000,0.000000	-6.530000,-82.640000,0.000000	94.260000,-31.560000,0.000000	90.930000,-17.100000,0.000000	84.760000,14.680000,0.000000
16.110	-32.660000,-78.090000,0.000000	-10.110000,-82.450000,0.000000	94.020000,-28.970000,0.000000	90.930000,-17.100000,0.000000	84.760000,14.680000,0.000000
16.259	-32.660000,-78.090000,0.000000	-15.770000,-82.370000,0.000000	93.710000,-26.240000,0.000000	90.930000,-17.100000,0.000000	84.760000,14.680000,0.000000
16.380	-32.660000,-78.090000,0.000000	-23.920000,-81.780000,0.000000	93.580000,-22.380000,0.000000	90.930000,-17.100000,0.000000	84.760000,14.680000,0.000000
16.500	-32.660000,-78.090000,0.000000	-31.130000,-81.560000,0.000000	93.010000,-17.890000,0.000000	90.930000,-17.100000,0.000000	84.760000,14.680000,0.000000
16.636	-32.660000,-78.090000,0.000000	-38.240000,-81.400000,0.000000	92.540000,-12.730000,0.000000	90.930000,-17.100000,0.000000	84.760000,14.680000,0.000000
16.770	-32.660000,-78.090000,0.000000	-46.380000,-81.150000,0.000000	79.430000,-4.860000,0.000000	90.930000,-17.100000,0.000000	84.760000,14.680000,0.000000
16.890	-32.660000,-78.090000,0.000000	-52.000000,-80.580000,0.000000	80.160000,0.580000,0.000000	90.930000,-17.100000,0.000000	84.760000,14.680000,0.000000
17.025	-32.660000,-78.090000,0.000000	-54.740000,-80.470000,0.000000	80.300000,6.390000,0.000000	90.930000,-17.100000,0.000000	84.760000,14.680000,0.000000
17.160	-32.660000,-78.090000,0.000000	-58.510000,-80.070000,0.000000	80.520000,11.380000,0.000000	90.930000,-17.100000,0.000000	84.760000,14.680000,0.000000
17.280	-32.660000,-78.090000,0.000000	-62.650000,-79.500000,0.000000	81.200000,14.940000,0.000000	90.930000,-17.100000,0.000000	84.760000,14.680000,0.000000
17.415	-32.660000,-78.090000,0.000000	-67.550000,-78.730000,0.000000	81.050000,18.950000,0.000000	90.930000,-17.100000,0.000000	84.760000,14.680000,0.000000
17.550	-32.660000,-78.090000,0.000000	-71.200000,-78.400000,0.000000	81.680000,21.710000,0.000000	90.930000,-17.100000,0.000000	84.760000,14.680000,0.000000
17.670	-32.660000,-78.090000,0.000000	-73.440000,-77.750000,0.000000	81.310000,24.000000,0.000000	90.930000,-17.100000,0.000000	84.760000,14.680000,0.000000
17.805	-32.660000,-78.090000,0.000000	-75.540000,-77.500000,0.000000	81.840000,25.600000,0.000000	90.930000,-17.100000,0.000000	84.760000,14.680000,0.000000
17.940	-32.660000,-78.090000,0.000000	-76.930000,-77.310000,0.000000	81.910000,26.950000,0.000000	90.930000,-17.100000,0.000000	84.760000,14.680000,0.000000
18.060	-32.660000,-78.090000,0.000000	-78.150000,-77.240000,0.000000	82.180000,27.750000,0.000000	90.930000,-17.100000,0.000000	84.760000,14.680000,0.000000
18.195	-32.660000,-78.090000,0.000000	-78.020000,-77.350000,0.000000	82.150000,28.830000,0.000000	90.930000,-17.100000,0.000000	84.760000,14.680000,0.000000
18.330	-32.660000,-78.090000,0.000000	-77.580000,-77.450000,0.000000	82.360000,29.100000,0.000000	90.930000,-17.100000,0.000000	84.760000,14.680000,0.000000
18.450	-32.660000,-78.090000,0.000000	-77.130000,-77.790000,0.000000	82.440000,29.330000,0.000000	90.930000,-17.100000,0.000000	84.760000,14.680000,0.000000
18.585	-32.660000,-78.090000,0.000000	-76.540000,-78.160000,0.000000	82.530000,29.270000,0.000000	90.930000,-17.100000,0.000000	84.760000,14.680000,0.000000
18.720	-32.660000,-78.090000,0.000000	-76.510000,-78.530000,0.000000	82.890000,28.950000,0.000000	90.930000,-17.100000,0.000000	84.760000,14.680000,0.000000
18.840	-32.660000,-78.090000,0.000000	-77.090000,-78.730000,0.000000	83.290000,28.680000,0.000000	90.930000,-17.100000,0.000000	84.760000,14.680000,0.000000
18.975	-32.660000,-78.090000,0.000000	-76.990000,-79.000000,0.000000	83.620000,28.280000,0.000000	90.930000,-17.100000,0.000000	84.760000,14.680000,0.000000
19.110	-32.660000,-78.090000,0.000000	-77.020000,-79.340000,0.000000	83.840000,27.620000,0.000000	90.930000,-17.100000,0.000000	84.760000,14.680000,0.000000
19.230	-32.660000,-78.090000,0.000000	-72.300000,-79.210000,0.000000	83.970000,26.450000,0.000000	90.930000,-17.100000,0.000000	84.760000,14.680000,0.000000
19.365	-32.660000,-78.090000,0.000000	-73.070000,-79.130000,0.000000	84.640000,25.500000,0.000000	90.930000,-17.100000,0.000000	84.760000,14.680000,0.000000
19.500	-32.660000,-78.090000,0.000000	-72.790000,-79.300000,0.000000	85.210000,24.440000,0.000000	90.930000,-17.100000,0.000000	84.760000,14.680000,0.000000
19.620	-32.660000,-78.090000,0.000000	-72.850000,-79.660000,0.000000	85.340000,23.740000,0.000000	90.930000,-17.100000,0.000000	84.760000,14.680000,0.000000
19.755	-32.660000,-78.090000,0.000000	-72.350000,-79.870000,0.000000	85.390000,22.890000,0.000000	90.930000,-17.100000,0.000000	84.760000,14.680000,0.000000
19.890	-32.660000,-78.090000,0.000000	-70.870000,-80.030000,0.000000	85.670000,22.010000,0.000000	90.930000,-17.100000,0.000000	84.760000,14.680000,0.000000
20.010	-32.660000,-78.090000,0.000000	-67.360000,-80.070000,0.000000	85.950000,20.540000,0.000000	90.930000,-17.100000,0.000000	84.760000,14.680000,0.000000
20.145	-32.660000,-78.090000,0.000000	-65.450000,-80.170000,0.000000	86.160000,19.870000,0.000000	90.930000,-17.100000,0.000000	84.760000,14.680000,0.000000
20.280	-32.660000,-78.090000,0.000000	-66.050000,-80.400000,0.000000	86.480000,19.430000,0.000000	90.930000,-17.100000,0.000000	84.760000,14.680000,0.000000
20.400	-32.660000,-78.090000,0.000000	-63.660000,-80.800000,0.000000	86.620000,18.590000,0.000000	90.930000,-17.100000,0.000000	84.760000,14.680000,0.000000
20.535	-32.660000,-78.090000,0.000000	-65.000000,-80.860000,0.000000	86.570000,17.840000,0.000000	90.930000,-17.100000,0.000000	84.760000,14.680000,0.000000
20.670	-32.660000,-78.090000,0.000000	-64.800000,-80.760000,0.000000	86.400000,16.870000,0.000000	90.930000,-17.100000,0.000000	84.760000,14.680000,0.000000
20.790	-32.660000,-78.090000,0.000000	-63.070000,-81.000000,0.000000	86.200000,16.430000,0.000000	90.930000,-17.100000,0.000000	84.760000,14.680000,0.000000
20.925	-32.660000,-78.090000,0.000000	-61.650000,-81.390000,0.000000	85.980000,16.510000,0.000000	90.930000,-17.100000,0.000000	84.760000,14.680000,0.000000
21.060	-32.660000,-78.090000,0.000000	-60.960000,-81.580000,0.000000	85.890000,16.380000,0.000000	90.930000,-17.100000,0.000000	84.760000,14.680000,0.000000
21.180	-32.660000,-78.090000,0.000000	-61.000000,-81.790000,0.000000	85.810000,16.140000,0.000000	90.930000,-17.100000,0.000000	84.760000,14.680000,0.000000
21.315	-32.660000,-78.090000,0.000000	-61.810000,-81.880000,0.000000	85.900000,15.990000,0.000000	90.930000,-17.100000,0.000000	84.760000,14.680000,0.000000
21.450	-32.660000,-78.090000,0.000000	-62.170000,-82.130000,0.000000	85.970000,16.160000,0.000000	90.930000,-17.100000,0.000000	84.760000,14.680000,0.000000
21.570	-32.660000,-78.090000,0.000000	-62.260000,-82.630000,0.000000	86.020000,16.180000,0.000000	90.930000,-17.100000,0.000000	84.760000,14.680000,0.000000
21.705	-32.660000,-78.090000,0.000000	-62.440000,-82.890000,0.000000	86.080000,16.030000,0.000000	90.930000,-17.100000,0.000000	84.760000,14.680000,0.000000
21.840	-32.660000,-78.090000,0.000000	-62.520000,-83.010000,0.000000	86.030000,15.900000,0.000000	90.930000,-17.100000,0.000000	84.760000,14.680000,0.000000
21.960	-32.660000,-78.090000,0.000000	-61.690000,-83.250000,0.000000	85.740000,15.990000,0.000000	90.930000,-17.100000,0.000000	84.760000,14.680000,0.000000
22.095	-32.660000,-78.090000,0.000000	-61.930000,-83.410000,0.000000	85.520000,15.890000,0.000000	90.930000,-17.100000,0.000000	84.760000,14.680000,0.000000
22.230	-32.660000,-78.090000,0.000000	-62.210000,-83.760000,0.000000	85.310000,15.800000,0.000000	90.930000,-17.100000,0.000000	84.760000,14.680000,0.000000
22.350	-32.660000,-78.090000,0.000000	-62.040000,-83.940000,0.000000	85.120000,15.900000,0.000000	90.930000,-17.100000,0.000000	84.760000,14.680000,0.000000
22.485	-32.660000,-78.090000,0.000000	-60.410000,-84.090000,0.000000	84.950000,15.800000,0.000000	90.930000,-17.100000,0.000000	84.760000,14.680000,0.000000
22.620	-32.660000,-78.090000,0.000000	-61.250000,-83.830000,0.000000	84.590000,15.650000,0.000000	90.930000,-17.100000,0.000000	84.760000,14.680000,0.000000
22.740	-32.660000,-78.090000,0.000000	-60.450000,-83.770000,0.000000	84.940000,15.750000,0.000000	90.930000,-17.100000,0.000000	84.760000,14.680000,0.000000
22.875	-32.660000,-78.090000,0.000000	-60.450000,-84.010000,0.000000	85.220000,16.000000,0.000000	90.930000,-17.100000,0.000000	84.760000,14.680000,0.000000
23.010	-32.660000,-78.090000,0.000000	-58.730000,-84.150000,0.000000	85.340000,16.270000,0.000000	90.930000,-17.100000,0.000000	84.760000,14.680000,0.000000
23.130	-32.660000,-78.090000,0.000000	-57.510000,-84.350000,0.000000	85.160000,16.550000,0.000000	90.930000,-17.100000,0.000000	84.760000,14.680000,0.000000
23.265	-32.660000,-78.090000,0.000000	-57.940000,-84.450000,0.000000	85.000000,16.490000,0.000000	90.930000,-17.100000,0.000000	84.760000,14.680000,0.000000
23.400	-32.660000,-78.090000,0.000000	-58.180000,-84.750000,0.000000	84.840000,16.690000,0.000000	90.930000,-17.100000,0.000000	84.760000,14.680000,0.000000
23.520	-32.660000,-78.090000,0.000000	-54.380000,-85.200000,0.000000	84.770000,16.830000,0.000000	90.930000,-17.100000,0.000000	84.760000,14.680000,0.000000
23.655	-32.660000,-78.090000,0.000000	-53.050000,-85.330000,0.000000	84.880000,16.680000,0.000000	90.930000,-17.100000,0.000000	84.760000,14.680000,0.000000
23.790	-32.660000,-78.090000,0.000000	-50.610000,-85.580000,0.000000	84.840000,16.760000,0.000000	90.930000,-17.100000,0.000000	84.760000,14.680000,0.000000
23.909	-32.660000,-78.090000,0.000000	-51.570000,-85.810000,0.000000	84.890000,16.590000,0.000000	90.930000,-17.100000,0.000000	84.760000,14.680000,0.000000
24.045	-32.660000,-78.090000,0.000000	-47.980000,-86.080000,0.000000	84.720000,16.560000,0.000000	90.930000,-17.100000,0.000000	84.760000,14.680000,0.000000
24.180	-32.660000,-78.090000,0.000000	-45.840000,-86.270000,0.000000	84.820000,16.330000,0.000000	90.930000,-17.100000,0.000000	84.760000,14.680000,0.000000
24.300	-32.660000,-78.090000,0.000000	-45.650000,-86.500000,0.000000	84.900000,15.980000,0.000000	90.930000,-17.100000,0.000000	84.760000,14.680000,0.000000
24.435	-32.660000,-78.090000,0.000000	-45.920000,-86.700000,0.000000	84.950000,15.840000,0.000000	90.930000,-17.100000,0.000000	84.760000,14.680000,0.000000
24.570	-32.660000,-78.090000,0.000000	-48.870000,-86.870000,0.000000	84.870000,15.240000,0.000000	90.930000,-17.100000,0.000000	84.760000,14.680000,0.000000
24.690	-32.660000,-78.090000,0.000000	-49.030000,-86.940000,0.000000	84.630000,15.000000,0.000000	90.930000,-17.100000,0.000000	84.760000,14.680000,0.000000
24.824	-32.660000,-78.090000,0.000000	-48.630000,-87.030000,0.000000	84.810000,14.810000,0.000000	90.930000,-17.100000,0.000000	84.760000,14.680000,0.000000
24.960	-32.660000,-78.090000,0.000000	-51.320000,-86.850000,0.000000	85.090000,14.870000,0.000000	90.930000,-17.100000,0.000000	84.760000,14.680000,0.000000
25.080	-32.660000,-78.090000,0.000000	-55.920000,-86.890000,0.000000	85.300000,14.700000,0.000000	90.930000,-17.100000,0.000000	84.760000,14.680000,0.000000
25.215	-32.660000,-78.090000,0.000000	-57.540000,-86.790000,0.000000	85.500000,14.630000,0.000000	90.930000,-17.100000,0.000000	84.760000,14.680000,0.000000
25.350	-32.660000,-78.090000,0.000000	-61.030000,-86.500000,0.000000	85.620000,14.500000,0.000000	90.930000,-17.100000,0.000000	84.760000,14.680000,0.000000
25.470	-32.660000,-78.090000,0.000000	-62.890000,-86.240000,0.000000	85.890000,14.430000,0.000000	90.930000,-17.100000,0.000000	84.760000,14.680000,0.000000
25.605	-32.660000,-78.090000,0.000000	-66.480000,-86.460000,0.000000	85.850000,14.590000,0.000000	90.930000,-17.100000,0.000000	84.760000,14.680000,0.000000
25.740	-32.660000,-78.090000,0.000000	-67.350000,-86.470000,0.000000	85.910000,14.680000,0.000000	90.930000,-17.100000,0.000000	84.760000,14.680000,0.000000
25.860	-32.660000,-78.090000,0.000000	-66.870000,-86.600000,0.000000	85.690000,15.070000,0.000000	90.930000,-17.100000,0.000000	84.760000,14.680000,0.000000
25.995	-32.660000,-78.090000,0.000000	-61.260000,-86.950000,0.000000	85.440000,15.310000,0.000000	90.930000,-17.100000,0.000000	84.760000,14.680000,0.000000
26.130	-32.660000,-78.090000,0.000000	-36.540000,-86.600000,0.000000	85.160000,16.670000,0.000000	90.930000,-17.100000,0.000000	84.760000,14.680000,0.000000
26.250	-32.660000,-78.090000,0.000000	-13.700000,-85.630000,0.000000	84.660000,17.780000,0.000000	90.930000,-17.100000,0.000000	84.760000,14.680000,0.000000
26.384	-32.660000,-78.090000,0.000000	7.960000,-83.860000,0.000000	84.250000,18.970000,0.000000	90.930000,-17.100000,0.000000	84.760000,14.680000,0.000000
26.520	-32.660000,-78.090000,0.000000	25.890000,-80.760000,0.000000	83.990000,20.010000,0.000000	90.930000,-17.100000,0.000000	84.760000,14.680000,0.000000
26.640	-32.660000,-78.090000,0.000000	42.190000,-75.820000,0.000000	83.420000,20.840000,0.000000	90.930000,-17.100000,0.000000	84.760000,14.680000,0.000000
26.775	-32.660000,-78.090000,0.000000	56.460000,-70.040000,0.000000	82.720000,21.780000,0.000000	90.930000,-17.100000,0.000000	84.760000,14.680000,0.000000
26.910	-32.660000,-78.090000,0.000000	68.060000,-64.300000,0.000000	82.660000,21.450000,0.000000	90.930000,-17.100000,0.000000	84.760000,14.680000,0.000000
27.030	-32.660000,-78.090000,0.000000	78.690000,-58.190000,0.000000	82.520000,21.650000,0.000000	90.930000,-17.100000,0.000000	84.760000,14.680000,0.000000
27.165	-32.660000,-78.090000,0.000000	88.380000,-51.650000,0.000000	82.820000,21.210000,0.000000	90.930000,-17.100000,0.000000	84.760000,14.680000,0.000000
27.300	-32.660000,-78.090000,0.000000	96.480000,-45.360000,0.000000	83.700000,21.840000,0.000000	90.930000,-17.100000,0.000000	84.760000,14.680000,0.000000
27.420	-32.660000,-78.090000,0.000000	102.870000,-38.920000,0.000000	84.780000,19.150000,0.000000	90.930000,-17.100000,0.000000	84.760000,14.680000,0.000000
27.555	-32.660000,-78.090000,0.000000	108.190000,-32.530000,0.000000	85.440000,19.560000,0.000000	90.930000,-17.100000,0.000000	84.760000,14.680000,0.000000
27.690	-32.660000,-78.090000,0.000000	112.430000,-27.370000,0.000000	86.590000,19.020000,0.000000	90.930000,-17.100000,0.000000	84.760000,14.680000,0.000000
27.810	-32.660000,-78.090000,0.000000	115.740000,-22.960000,0.000000	87.320000,18.050000,0.000000	90.930000,-17.100000,0.000000	84.760000,14.680000,0.000000
27.945	-32.660000,-78.090000,0.000000	117.920000,-19.090000,0.000000	87.990000,17.090000,0.000000	90.930000,-17.100000,0.000000	84.760000,14.680000,0.000000
28.080	-32.660000,-78.090000,0.000000	119.350000,-15.950000,0.000000	88.390000,16.120000,0.000000	90.930000,-17.100000,0.000000	84.760000,14.680000,0.000000
28.200	-32.660000,-78.090000,0.000000	120.410000,-13.340000,0.000000	88.790000,15.400000,0.000000	90.930000,-17.100000,0.000000	84.760000,14.680000,0.000000
28.335	-32.660000,-78.090000,0.000000	120.930000,-11.160000,0.000000	89.080000,14.780000,0.000000	90.930000,-17.100000,0.000000	84.760000,14.680000,0.000000
28.470	-32.660000,-78.090000,0.000000	121.060000,-9.420000,0.000000	89.340000,14.340000,0.000000	90.930000,-17.100000,0.000000	84.760000,14.680000,0.000000
28.590	-32.660000,-78.090000,0.000000	120.730000,-8.110000,0.000000	89.530000,13.990000,0.000000	90.930000,-17.100000,0.000000	84.760000,14.680000,0.000000
28.725	-32.660000,-78.090000,0.000000	120.120000,-7.210000,0.000000	89.660000,13.600000,0.000000	90.930000,-17.100000,0.000000	84.760000,14.680000,0.000000
28.860	-32.660000,-78.090000,0.000000	119.130000,-6.560000,0.000000	89.780000,13.230000,0.000000	90.930000,-17.100000,0.000000	84.760000,14.680000,0.000000
28.980	-32.660000,-78.090000,0.000000	117.920000,-6.220000,0.000000	89.920000,12.880000,0.000000	90.930000,-17.100000,0.000000	84.760000,14.680000,0.000000
29.129	-32.660000,-78.090000,0.000000	116.640000,-5.890000,0.000000	89.980000,12.720000,0.000000	90.930000,-17.100000,0.000000	84.760000,14.680000,0.000000
29.249	-32.660000,-78.090000,0.000000	115.360000,-5.870000,0.000000	89.880000,12.570000,0.000000	90.930000,-17.100000,0.000000	84.760000,14.680000,0.000000
29.370	-32.660000,-78.090000,0.000000	113.930000,-5.850000,0.000000	89.820000,12.660000,0.000000	90.930000,-17.100000,0.000000	84.760000,14.680000,0.000000
29.505	-32.660000,-78.090000,0.000000	112.560000,-6.030000,0.000000	89.760000,12.650000,0.000000	90.930000,-17.100000,0.000000	84.760000,14.680000,0.000000
29.639	-32.660000,-78.090000,0.000000	111.130000,-6.500000,0.000000	89.660000,12.650000,0.000000	90.930000,-17.100000,0.000000	84.760000,14.680000,0.000000
29.759	-32.660000,-78.090000,0.000000	109.620000,-7.010000,0.000000	89.630000,12.570000,0.000000	90.930000,-17.100000,0.000000	84.760000,14.680000,0.000000
29.894	-32.660000,-78.090000,0.000000	108.240000,-7.500000,0.000000	89.580000,12.540000,0.000000	90.930000,-17.100000,0.000000	84.760000,14.680000,0.000000
