time	pelvis_imu	femur_r_imu	tibia_r_imu	femur_l_imu	tibia_l_imu
0.000	5.510000,-71.160000,0.000000	92.360000,-12.070000,0.000000	91.220000,2.900000,0.000000	92.360000,-12.070000,0.000000	91.220000,2.900000,0.000000
0.135	5.580000,-71.240000,0.000000	92.300000,-11.980000,0.000000	91.270000,2.950000,0.000000	92.360000,-12.070000,0.000000	91.220000,2.900000,0.000000
0.270	5.800000,-71.180000,0.000000	92.280000,-11.960000,0.000000	91.250000,2.960000,0.000000	92.360000,-12.070000,0.000000	91.220000,2.900000,0.000000
0.389	5.840000,-71.050000,0.000000	92.330000,-11.980000,0.000000	91.270000,3.000000,0.000000	92.360000,-12.070000,0.000000	91.220000,2.900000,0.000000
0.525	5.950000,-70.970000,0.000000	92.320000,-11.960000,0.000000	91.260000,2.960000,0.000000	92.360000,-12.070000,0.000000	91.220000,2.900000,0.000000
0.660	5.770000,-70.880000,0.000000	92.290000,-12.010000,0.000000	91.180000,3.000000,0.000000	92.360000,-12.070000,0.000000	91.220000,2.900000,0.000000
0.780	5.960000,-70.780000,0.000000	92.240000,-12.090000,0.000000	91.150000,3.030000,0.000000	92.360000,-12.070000,0.000000	91.220000,2.900000,0.000000
0.915	5.910000,-70.790000,0.000000	92.210000,-12.080000,0.000000	91.200000,3.130000,0.000000	92.360000,-12.070000,0.000000	91.220000,2.900000,0.000000
1.050	6.100000,-70.570000,0.000000	92.190000,-12.070000,0.000000	91.190000,3.240000,0.000000	92.360000,-12.070000,0.000000	91.220000,2.900000,0.000000
1.170	6.250000,-70.440000,0.000000	92.290000,-12.120000,0.000000	91.200000,3.300000,0.000000	92.360000,-12.070000,0.000000	91.220000,2.900000,0.000000
1.305	6.180000,-70.330000,0.000000	92.310000,-12.120000,0.000000	91.140000,3.500000,0.000000	92.360000,-12.070000,0.000000	91.220000,2.900000,0.000000
1.440	6.260000,-70.230000,0.000000	92.230000,-12.130000,0.000000	91.020000,3.550000,0.000000	92.360000,-12.070000,0.000000	91.220000,2.900000,0.000000
1.560	5.980000,-70.090000,0.000000	92.300000,-12.190000,0.000000	91.130000,3.660000,0.000000	92.360000,-12.070000,0.000000	91.220000,2.900000,0.000000
1.695	5.790000,-70.010000,0.000000	92.260000,-12.240000,0.000000	91.140000,3.580000,0.000000	92.360000,-12.070000,0.000000	91.220000,2.900000,0.000000
1.830	6.060000,-70.090000,0.000000	92.450000,-12.110000,0.000000	91.000000,3.760000,0.000000	92.360000,-12.070000,0.000000	91.220000,2.900000,0.000000
1.950	6.320000,-69.990000,0.000000	92.400000,-12.120000,0.000000	91.000000,3.780000,0.000000	92.360000,-12.070000,0.000000	91.220000,2.900000,0.000000
2.085	6.040000,-69.820000,0.000000	92.460000,-12.180000,0.000000	91.040000,3.740000,0.000000	92.360000,-12.070000,0.000000	91.220000,2.900000,0.000000
2.220	6.200000,-69.770000,0.000000	92.250000,-12.100000,0.000000	90.940000,3.780000,0.000000	92.360000,-12.070000,0.000000	91.220000,2.900000,0.000000
2.340	6.160000,-69.660000,0.000000	92.270000,-12.070000,0.000000	90.960000,3.730000,0.000000	92.360000,-12.070000,0.000000	91.220000,2.900000,0.000000
2.490	6.510000,-69.550000,0.000000	92.230000,-12.040000,0.000000	90.950000,3.520000,0.000000	92.360000,-12.070000,0.000000	91.220000,2.900000,0.000000
2.625	6.320000,-69.420000,0.000000	92.110000,-11.940000,0.000000	90.960000,3.620000,0.000000	92.360000,-12.070000,0.000000	91.220000,2.900000,0.000000
2.730	6.130000,-69.410000,0.000000	92.160000,-12.020000,0.000000	91.030000,3.550000,0.000000	92.360000,-12.070000,0.000000	91.220000,2.900000,0.000000
2.865	6.220000,-69.290000,0.000000	92.040000,-12.050000,0.000000	91.120000,3.470000,0.000000	92.360000,-12.070000,0.000000	91.220000,2.900000,0.000000
3.000	6.230000,-69.310000,0.000000	92.050000,-11.990000,0.000000	90.970000,3.550000,0.000000	92.360000,-12.070000,0.000000	91.220000,2.900000,0.000000
3.120	6.190000,-69.280000,0.000000	92.100000,-11.930000,0.000000	90.990000,3.760000,0.000000	92.360000,-12.070000,0.000000	91.220000,2.900000,0.000000
3.255	6.120000,-69.250000,0.000000	92.040000,-11.970000,0.000000	90.980000,3.790000,0.000000	92.360000,-12.070000,0.000000	91.220000,2.900000,0.000000
3.389	5.740000,-69.170000,0.000000	92.100000,-12.040000,0.000000	91.030000,3.770000,0.000000	92.360000,-12.070000,0.000000	91.220000,2.900000,0.000000
3.510	5.990000,-69.120000,0.000000	92.100000,-11.860000,0.000000	91.100000,3.800000,0.000000	92.360000,-12.070000,0.000000	91.220000,2.900000,0.000000
3.645	5.940000,-68.920000,0.000000	92.010000,-11.740000,0.000000	91.160000,3.820000,0.000000	92.360000,-12.070000,0.000000	91.220000,2.900000,0.000000
3.795	5.640000,-68.860000,0.000000	91.920000,-11.740000,0.000000	91.060000,3.860000,0.000000	92.360000,-12.070000,0.000000	91.220000,2.900000,0.000000
3.900	5.690000,-68.800000,0.000000	92.090000,-11.820000,0.000000	91.070000,3.850000,0.000000	92.360000,-12.070000,0.000000	91.220000,2.900000,0.000000
4.035	6.110000,-68.790000,0.000000	92.080000,-11.710000,0.000000	90.940000,4.000000,0.000000	92.360000,-12.070000,0.000000	91.220000,2.900000,0.000000
4.185	6.190000,-68.720000,0.000000	91.970000,-11.650000,0.000000	90.820000,3.990000,0.000000	92.360000,-12.070000,0.000000	91.220000,2.900000,0.000000
4.290	6.110000,-68.680000,0.000000	91.910000,-11.620000,0.000000	90.740000,4.030000,0.000000	92.360000,-12.070000,0.000000	91.220000,2.900000,0.000000
4.425	6.080000,-68.590000,0.000000	91.980000,-11.690000,0.000000	90.760000,3.910000,0.000000	92.360000,-12.070000,0.000000	91.220000,2.900000,0.000000
4.560	6.050000,-68.440000,0.000000	91.850000,-11.530000,0.000000	90.750000,3.850000,0.000000	92.360000,-12.070000,0.000000	91.220000,2.900000,0.000000
4.679	6.220000,-68.300000,0.000000	91.650000,-11.440000,0.000000	90.740000,3.590000,0.000000	92.360000,-12.070000,0.000000	91.220000,2.900000,0.000000
4.815	6.460000,-68.090000,0.000000	91.800000,-11.430000,0.000000	90.640000,3.380000,0.000000	92.360000,-12.070000,0.000000	91.220000,2.900000,0.000000
4.950	5.690000,-67.870000,0.000000	91.720000,-11.670000,0.000000	90.500000,3.010000,0.000000	92.360000,-12.070000,0.000000	91.220000,2.900000,0.000000
5.070	4.400000,-67.750000,0.000000	91.590000,-12.400000,0.000000	90.700000,2.350000,0.000000	92.360000,-12.070000,0.000000	91.220000,2.900000,0.000000
5.205	3.610000,-67.510000,0.000000	91.490000,-14.140000,0.000000	91.220000,0.110000,0.000000	92.360000,-12.070000,0.000000	91.220000,2.900000,0.000000
5.340	3.570000,-67.670000,0.000000	90.950000,-16.760000,0.000000	91.530000,-2.360000,0.000000	92.360000,-12.070000,0.000000	91.220000,2.900000,0.000000
5.460	2.100000,-68.290000,0.000000	91.280000,-20.150000,0.000000	91.920000,-4.200000,0.000000	92.360000,-12.070000,0.000000	91.220000,2.900000,0.000000
5.595	0.690000,-68.990000,0.000000	90.840000,-24.570000,0.000000	92.570000,-6.460000,0.000000	92.360000,-12.070000,0.000000	91.220000,2.900000,0.000000
5.730	-1.840000,-70.070000,0.000000	90.870000,-30.540000,0.000000	93.370000,-9.290000,0.000000	92.360000,-12.070000,0.000000	91.220000,2.900000,0.000000
5.850	-2.520000,-71.270000,0.000000	89.490000,-37.020000,0.000000	94.040000,-13.710000,0.000000	92.360000,-12.070000,0.000000	91.220000,2.900000,0.000000
5.985	-5.720000,-72.880000,0.000000	86.470000,-43.920000,0.000000	95.610000,-18.350000,0.000000	92.360000,-12.070000,0.000000	91.220000,2.900000,0.000000
6.120	-11.310000,-74.180000,0.000000	80.330000,-51.030000,0.000000	97.130000,-24.060000,0.000000	92.360000,-12.070000,0.000000	91.220000,2.900000,0.000000
6.240	-15.810000,-76.050000,0.000000	73.240000,-57.720000,0.000000	98.050000,-29.340000,0.000000	92.360000,-12.070000,0.000000	91.220000,2.900000,0.000000
6.375	-24.090000,-77.940000,0.000000	62.480000,-63.470000,0.000000	97.880000,-35.150000,0.000000	92.360000,-12.070000,0.000000	91.220000,2.900000,0.000000
6.510	-36.510000,-78.950000,0.000000	51.960000,-68.520000,0.000000	98.070000,-40.900000,0.000000	92.360000,-12.070000,0.000000	91.220000,2.900000,0.000000
6.630	-44.900000,-80.800000,0.000000	44.880000,-72.820000,0.000000	98.270000,-45.440000,0.000000	92.360000,-12.070000,0.000000	91.220000,2.900000,0.000000
6.765	-54.900000,-81.940000,0.000000	37.960000,-76.870000,0.000000	97.300000,-49.660000,0.000000	92.360000,-12.070000,0.000000	91.220000,2.900000,0.000000
6.900	-65.090000,-82.770000,0.000000	32.730000,-80.200000,0.000000	97.290000,-52.730000,0.000000	92.360000,-12.070000,0.000000	91.220000,2.900000,0.000000
7.020	-71.850000,-83.700000,0.000000	29.090000,-83.200000,0.000000	97.680000,-55.490000,0.000000	92.360000,-12.070000,0.000000	91.220000,2.900000,0.000000
7.155	-75.940000,-84.400000,0.000000	25.520000,-85.510000,0.000000	97.580000,-57.400000,0.000000	92.360000,-12.070000,0.000000	91.220000,2.900000,0.000000
7.290	-75.680000,-85.290000,0.000000	24.730000,-87.170000,0.000000	97.970000,-58.700000,0.000000	92.360000,-12.070000,0.000000	91.220000,2.900000,0.000000
7.410	-77.780000,-85.670000,0.000000	26.050000,-88.540000,0.000000	97.980000,-59.660000,0.000000	92.360000,-12.070000,0.000000	91.220000,2.900000,0.000000
7.545	-78.240000,-86.160000,0.000000	27.350000,-89.400000,0.000000	97.740000,-60.170000,0.000000	92.360000,-12.070000,0.000000	91.220000,2.900000,0.000000
7.681	-76.440000,-86.450000,0.000000	27.990000,-89.750000,0.000000	97.370000,-60.820000,0.000000	92.360000,-12.070000,0.000000	91.220000,2.900000,0.000000
7.800	-75.940000,-86.700000,0.000000	29.780000,-89.730000,0.000000	96.990000,-61.160000,0.000000	92.360000,-12.070000,0.000000	91.220000,2.900000,0.000000
7.950	-75.040000,-86.810000,0.000000	32.310000,-89.650000,0.000000	96.610000,-61.310000,0.000000	92.360000,-12.070000,0.000000	91.220000,2.900000,0.000000
8.069	-76.660000,-86.710000,0.000000	33.920000,-89.860000,0.000000	96.580000,-61.270000,0.000000	92.360000,-12.070000,0.000000	91.220000,2.900000,0.000000
8.190	-73.950000,-86.850000,0.000000	36.650000,-89.520000,0.000000	96.520000,-61.180000,0.000000	92.360000,-12.070000,0.000000	91.220000,2.900000,0.000000
8.325	-73.290000,-86.870000,0.000000	38.640000,-88.940000,0.000000	96.710000,-60.840000,0.000000	92.360000,-12.070000,0.000000	91.220000,2.900000,0.000000
8.460	-72.220000,-87.050000,0.000000	40.840000,-88.380000,0.000000	96.960000,-60.600000,0.000000	92.360000,-12.070000,0.000000	91.220000,2.900000,0.000000
8.595	-72.800000,-87.030000,0.000000	43.190000,-88.210000,0.000000	97.050000,-60.390000,0.000000	92.360000,-12.070000,0.000000	91.220000,2.900000,0.000000
8.715	-72.250000,-86.850000,0.000000	44.600000,-87.630000,0.000000	97.240000,-60.150000,0.000000	92.360000,-12.070000,0.000000	91.220000,2.900000,0.000000
8.850	-68.790000,-86.820000,0.000000	46.300000,-86.540000,0.000000	97.940000,-59.640000,0.000000	92.360000,-12.070000,0.000000	91.220000,2.900000,0.000000
8.970	-69.050000,-86.860000,0.000000	48.760000,-85.940000,0.000000	98.420000,-58.870000,0.000000	92.360000,-12.070000,0.000000	91.220000,2.900000,0.000000
9.105	-66.500000,-86.820000,0.000000	49.540000,-85.090000,0.000000	99.230000,-58.390000,0.000000	92.360000,-12.070000,0.000000	91.220000,2.900000,0.000000
9.240	-66.410000,-86.800000,0.000000	50.140000,-84.720000,0.000000	99.260000,-58.070000,0.000000	92.360000,-12.070000,0.000000	91.220000,2.900000,0.000000
9.360	-67.720000,-86.720000,0.000000	52.460000,-84.430000,0.000000	99.500000,-57.620000,0.000000	92.360000,-12.070000,0.000000	91.220000,2.900000,0.000000
9.495	-65.690000,-86.770000,0.000000	53.880000,-83.580000,0.000000	99.820000,-57.280000,0.000000	92.360000,-12.070000,0.000000	91.220000,2.900000,0.000000
9.629	-63.520000,-86.810000,0.000000	54.870000,-83.050000,0.000000	100.180000,-57.080000,0.000000	92.360000,-12.070000,0.000000	91.220000,2.900000,0.000000
9.750	-60.640000,-86.820000,0.000000	55.530000,-82.440000,0.000000	99.970000,-56.980000,0.000000	92.360000,-12.070000,0.000000	91.220000,2.900000,0.000000
9.885	-61.700000,-86.380000,0.000000	58.130000,-81.710000,0.000000	99.700000,-56.690000,0.000000	92.360000,-12.070000,0.000000	91.220000,2.900000,0.000000
10.020	-63.850000,-86.160000,0.000000	60.370000,-81.460000,0.000000	99.960000,-56.270000,0.000000	92.360000,-12.070000,0.000000	91.220000,2.900000,0.000000
10.140	-66.220000,-86.160000,0.000000	62.600000,-80.870000,0.000000	100.240000,-55.480000,0.000000	92.360000,-12.070000,0.000000	91.220000,2.900000,0.000000
10.276	-66.950000,-86.000000,0.000000	64.350000,-80.600000,0.000000	100.200000,-55.360000,0.000000	92.360000,-12.070000,0.000000	91.220000,2.900000,0.000000
10.409	-67.930000,-86.040000,0.000000	65.580000,-80.380000,0.000000	100.140000,-54.970000,0.000000	92.360000,-12.070000,0.000000	91.220000,2.900000,0.000000
10.530	-68.940000,-85.960000,0.000000	65.530000,-79.940000,0.000000	100.210000,-54.510000,0.000000	92.360000,-12.070000,0.000000	91.220000,2.900000,0.000000
10.665	-68.710000,-85.770000,0.000000	65.870000,-79.710000,0.000000	99.920000,-54.280000,0.000000	92.360000,-12.070000,0.000000	91.220000,2.900000,0.000000
10.801	-70.000000,-85.770000,0.000000	66.970000,-79.230000,0.000000	99.640000,-53.820000,0.000000	92.360000,-12.070000,0.000000	91.220000,2.900000,0.000000
10.921	-69.330000,-85.570000,0.000000	67.260000,-78.610000,0.000000	99.360000,-53.620000,0.000000	92.360000,-12.070000,0.000000	91.220000,2.900000,0.000000
11.056	-70.520000,-85.490000,0.000000	66.680000,-78.120000,0.000000	99.110000,-53.030000,0.000000	92.360000,-12.070000,0.000000	91.220000,2.900000,0.000000
11.190	-69.450000,-85.410000,0.000000	66.600000,-77.780000,0.000000	98.870000,-52.560000,0.000000	92.360000,-12.070000,0.000000	91.220000,2.900000,0.000000
11.310	-71.090000,-85.270000,0.000000	66.350000,-77.460000,0.000000	98.770000,-52.520000,0.000000	92.360000,-12.070000,0.000000	91.220000,2.900000,0.000000
11.445	-70.140000,-85.150000,0.000000	65.430000,-77.120000,0.000000	99.130000,-51.890000,0.000000	92.360000,-12.070000,0.000000	91.220000,2.900000,0.000000
11.580	-71.590000,-85.170000,0.000000	65.220000,-76.810000,0.000000	99.460000,-51.170000,0.000000	92.360000,-12.070000,0.000000	91.220000,2.900000,0.000000
11.701	-71.580000,-85.200000,0.000000	65.550000,-76.740000,0.000000	98.900000,-51.000000,0.000000	92.360000,-12.070000,0.000000	91.220000,2.900000,0.000000
11.836	-71.630000,-85.090000,0.000000	65.690000,-76.650000,0.000000	98.360000,-50.760000,0.000000	92.360000,-12.070000,0.000000	91.220000,2.900000,0.000000
11.971	-74.490000,-85.000000,0.000000	65.940000,-76.470000,0.000000	98.050000,-50.510000,0.000000	92.360000,-12.070000,0.000000	91.220000,2.900000,0.000000
12.090	-73.800000,-85.100000,0.000000	66.560000,-76.020000,0.000000	97.740000,-50.550000,0.000000	92.360000,-12.070000,0.000000	91.220000,2.900000,0.000000
12.226	-73.350000,-84.970000,0.000000	65.840000,-75.840000,0.000000	97.720000,-50.490000,0.000000	92.360000,-12.070000,0.000000	91.220000,2.900000,0.000000
12.360	-76.160000,-85.110000,0.000000	66.110000,-75.500000,0.000000	97.920000,-50.120000,0.000000	92.360000,-12.070000,0.000000	91.220000,2.900000,0.000000
12.481	-74.300000,-85.160000,0.000000	65.540000,-75.360000,0.000000	98.230000,-49.380000,0.000000	92.360000,-12.070000,0.000000	91.220000,2.900000,0.000000
12.615	-72.710000,-85.270000,0.000000	65.560000,-74.910000,0.000000	98.580000,-49.430000,0.000000	92.360000,-12.070000,0.000000	91.220000,2.900000,0.000000
12.751	-72.610000,-85.320000,0.000000	64.940000,-74.940000,0.000000	98.310000,-49.000000,0.000000	92.360000,-12.070000,0.000000	91.220000,2.900000,0.000000
12.871	-72.800000,-85.380000,0.000000	63.830000,-75.090000,0.000000	97.690000,-49.100000,0.000000	92.360000,-12.070000,0.000000	91.220000,2.900000,0.000000
13.006	-74.190000,-85.300000,0.000000	63.730000,-75.430000,0.000000	97.540000,-48.840000,0.000000	92.360000,-12.070000,0.000000	91.220000,2.900000,0.000000
13.141	-77.720000,-85.130000,0.000000	63.140000,-75.530000,0.000000	97.940000,-48.380000,0.000000	92.360000,-12.070000,0.000000	91.220000,2.900000,0.000000
13.260	-79.350000,-85.140000,0.000000	63.550000,-75.780000,0.000000	97.710000,-48.540000,0.000000	92.360000,-12.070000,0.000000	91.220000,2.900000,0.000000
13.396	-81.790000,-85.110000,0.000000	62.760000,-75.940000,0.000000	97.880000,-48.290000,0.000000	92.360000,-12.070000,0.000000	91.220000,2.900000,0.000000
13.530	-83.310000,-85.310000,0.000000	61.840000,-76.080000,0.000000	97.870000,-48.150000,0.000000	92.360000,-12.070000,0.000000	91.220000,2.900000,0.000000
13.650	-83.610000,-85.380000,0.000000	61.400000,-76.380000,0.000000	97.810000,-48.260000,0.000000	92.360000,-12.070000,0.000000	91.220000,2.900000,0.000000
13.785	-84.810000,-85.330000,0.000000	59.940000,-76.580000,0.000000	97.510000,-48.220000,0.000000	92.360000,-12.070000,0.000000	91.220000,2.900000,0.000000
13.921	-88.690000,-85.370000,0.000000	60.770000,-76.700000,0.000000	97.000000,-48.320000,0.000000	92.360000,-12.070000,0.000000	91.220000,2.900000,0.000000
14.041	-91.730000,-85.030000,0.000000	60.180000,-76.850000,0.000000	97.230000,-47.960000,0.000000	92.360000,-12.070000,0.000000	91.220000,2.900000,0.000000
14.175	-93.370000,-85.000000,0.000000	59.620000,-76.810000,0.000000	97.140000,-47.960000,0.000000	92.360000,-12.070000,0.000000	91.220000,2.900000,0.000000
14.310	-95.890000,-84.870000,0.000000	58.640000,-76.810000,0.000000	97.210000,-47.820000,0.000000	92.360000,-12.070000,0.000000	91.220000,2.900000,0.000000
14.430	-96.670000,-84.840000,0.000000	58.390000,-76.770000,0.000000	96.950000,-47.550000,0.000000	92.360000,-12.070000,0.000000	91.220000,2.900000,0.000000
14.566	-99.960000,-84.840000,0.000000	57.870000,-76.490000,0.000000	98.000000,-47.330000,0.000000	92.360000,-12.070000,0.000000	91.220000,2.900000,0.000000
14.700	-100.720000,-85.030000,0.000000	57.400000,-76.440000,0.000000	97.810000,-47.670000,0.000000	92.360000,-12.070000,0.000000	91.220000,2.900000,0.000000
14.820	-99.750000,-84.950000,0.000000	56.800000,-76.710000,0.000000	98.500000,-47.610000,0.000000	92.360000,-12.070000,0.000000	91.220000,2.900000,0.000000
14.955	-101.040000,-85.010000,0.000000	56.830000,-76.710000,0.000000	98.940000,-46.930000,0.000000	92.360000,-12.070000,0.000000	91.220000,2.900000,0.000000
15.090	-99.680000,-85.080000,0.000000	56.040000,-76.950000,0.000000	99.060000,-46.250000,0.000000	92.360000,-12.070000,0.000000	91.220000,2.900000,0.000000
15.211	-98.850000,-85.050000,0.000000	55.150000,-76.860000,0.000000	98.870000,-44.580000,0.000000	92.360000,-12.070000,0.000000	91.220000,2.900000,0.000000
15.345	-97.040000,-84.950000,0.000000	53.700000,-77.070000,0.000000	98.420000,-41.850000,0.000000	92.360000,-12.070000,0.000000	91.220000,2.900000,0.000000
15.481	-97.660000,-85.030000,0.000000	51.520000,-77.600000,0.000000	98.510000,-37.760000,0.000000	92.360000,-12.070000,0.000000	91.220000,2.900000,0.000000
15.601	-94.920000,-84.920000,0.000000	49.400000,-78.270000,0.000000	97.710000,-33.310000,0.000000	92.360000,-12.070000,0.000000	91.220000,2.900000,0.000000
15.735	-94.050000,-84.890000,0.000000	47.750000,-78.810000,0.000000	97.640000,-27.750000,0.000000	92.360000,-12.070000,0.000000	91.220000,2.900000,0.000000
15.870	-92.560000,-84.840000,0.000000	46.110000,-79.680000,0.000000	96.990000,-22.400000,0.000000	92.360000,-12.070000,0.000000	91.220000,2.900000,0.000000
15.990	-92.620000,-84.720000,0.000000	46.670000,-80.360000,0.000000	96.270000,-16.990000,0.000000	92.360000,-12.070000,0.000000	91.220000,2.900000,0.000000
16.126	-89.220000,-84.650000,0.000000	43.760000,-81.010000,0.000000	95.190000,-11.770000,0.000000	92.360000,-12.070000,0.000000	91.220000,2.900000,0.000000
16.260	-89.610000,-84.580000,0.000000	40.030000,-81.710000,0.000000	94.340000,-6.850000,0.000000	92.360000,-12.070000,0.000000	91.220000,2.900000,0.000000
16.380	-88.200000,-84.550000,0.000000	38.770000,-82.150000,0.000000	93.740000,-1.260000,0.000000	92.360000,-12.070000,0.000000	91.220000,2.900000,0.000000
16.515	-87.110000,-84.250000,0.000000	35.190000,-82.730000,0.000000	93.160000,3.100000,0.000000	92.360000,-12.070000,0.000000	91.220000,2.900000,0.000000
16.651	-85.470000,-84.320000,0.000000	34.660000,-83.170000,0.000000	92.400000,7.210000,0.000000	92.360000,-12.070000,0.000000	91.220000,2.900000,0.000000
16.770	-85.540000,-84.010000,0.000000	33.990000,-83.870000,0.000000	91.650000,10.760000,0.000000	92.360000,-12.070000,0.000000	91.220000,2.900000,0.000000
16.906	-84.550000,-83.980000,0.000000	34.250000,-84.110000,0.000000	91.260000,13.520000,0.000000	92.360000,-12.070000,0.000000	91.220000,2.900000,0.000000
17.041	-81.500000,-83.790000,0.000000	34.570000,-84.550000,0.000000	90.740000,15.380000,0.000000	92.360000,-12.070000,0.000000	91.220000,2.900000,0.000000
17.160	-81.490000,-83.610000,0.000000	33.900000,-84.790000,0.000000	90.500000,16.920000,0.000000	92.360000,-12.070000,0.000000	91.220000,2.900000,0.000000
17.296	-81.800000,-83.710000,0.000000	35.260000,-85.000000,0.000000	90.600000,17.910000,0.000000	92.360000,-12.070000,0.000000	91.220000,2.900000,0.000000
17.430	-80.560000,-83.940000,0.000000	35.600000,-85.330000,0.000000	90.540000,18.710000,0.000000	92.360000,-12.070000,0.000000	91.220000,2.900000,0.000000
17.551	-78.480000,-83.850000,0.000000	38.200000,-85.260000,0.000000	90.660000,18.960000,0.000000	92.360000,-12.070000,0.000000	91.220000,2.900000,0.000000
17.685	-77.150000,-84.040000,0.000000	41.340000,-85.370000,0.000000	90.750000,19.360000,0.000000	92.360000,-12.070000,0.000000	91.220000,2.900000,0.000000
17.821	-76.110000,-84.150000,0.000000	42.120000,-85.400000,0.000000	90.900000,19.310000,0.000000	92.360000,-12.070000,0.000000	91.220000,2.900000,0.000000
17.940	-74.330000,-84.340000,0.000000	43.620000,-85.280000,0.000000	90.930000,19.040000,0.000000	92.360000,-12.070000,0.000000	91.220000,2.900000,0.000000
18.075	-73.530000,-84.270000,0.000000	45.600000,-85.440000,0.000000	91.110000,18.710000,0.000000	92.360000,-12.070000,0.000000	91.220000,2.900000,0.000000
18.211	-73.200000,-84.260000,0.000000	46.290000,-85.590000,0.000000	91.090000,18.110000,0.000000	92.360000,-12.070000,0.000000	91.220000,2.900000,0.000000
18.330	-72.370000,-84.440000,0.000000	47.400000,-85.300000,0.000000	91.110000,17.450000,0.000000	92.360000,-12.070000,0.000000	91.220000,2.900000,0.000000
18.465	-71.020000,-84.510000,0.000000	48.610000,-85.200000,0.000000	91.130000,16.720000,0.000000	92.360000,-12.070000,0.000000	91.220000,2.900000,0.000000
18.601	-70.910000,-84.490000,0.000000	49.660000,-85.200000,0.000000	91.390000,16.100000,0.000000	92.360000,-12.070000,0.000000	91.220000,2.900000,0.000000
18.721	-70.570000,-84.570000,0.000000	51.640000,-85.090000,0.000000	91.510000,15.640000,0.000000	92.360000,-12.070000,0.000000	91.220000,2.900000,0.000000
18.856	-69.710000,-84.690000,0.000000	53.810000,-84.960000,0.000000	91.700000,14.960000,0.000000	92.360000,-12.070000,0.000000	91.220000,2.900000,0.000000
18.990	-70.290000,-84.930000,0.000000	56.070000,-84.650000,0.000000	91.750000,14.220000,0.000000	92.360000,-12.070000,0.000000	91.220000,2.900000,0.000000
19.111	-68.280000,-84.990000,0.000000	58.900000,-84.370000,0.000000	91.710000,13.430000,0.000000	92.360000,-12.070000,0.000000	91.220000,2.900000,0.000000
19.245	-68.980000,-84.920000,0.000000	60.940000,-84.340000,0.000000	91.730000,12.800000,0.000000	92.360000,-12.070000,0.000000	91.220000,2.900000,0.000000
19.381	-69.620000,-84.880000,0.000000	61.830000,-84.250000,0.000000	91.910000,12.040000,0.000000	92.360000,-12.070000,0.000000	91.220000,2.900000,0.000000
19.501	-67.810000,-85.070000,0.000000	62.940000,-83.990000,0.000000	92.060000,11.480000,0.000000	92.360000,-12.070000,0.000000	91.220000,2.900000,0.000000
19.635	-66.210000,-85.010000,0.000000	65.250000,-83.770000,0.000000	92.100000,11.080000,0.000000	92.360000,-12.070000,0.000000	91.220000,2.900000,0.000000
19.771	-67.060000,-85.150000,0.000000	65.920000,-83.650000,0.000000	92.360000,10.210000,0.000000	92.360000,-12.070000,0.000000	91.220000,2.900000,0.000000
19.890	-70.010000,-85.140000,0.000000	66.330000,-83.330000,0.000000	92.230000,9.610000,0.000000	92.360000,-12.070000,0.000000	91.220000,2.900000,0.000000
20.026	-68.930000,-85.080000,0.000000	68.930000,-83.250000,0.000000	92.080000,8.900000,0.000000	92.360000,-12.070000,0.000000	91.220000,2.900000,0.000000
20.160	-68.170000,-85.190000,0.000000	68.920000,-83.110000,0.000000	92.040000,8.300000,0.000000	92.360000,-12.070000,0.000000	91.220000,2.900000,0.000000
20.281	-68.480000,-85.160000,0.000000	69.050000,-82.940000,0.000000	92.030000,7.840000,0.000000	92.360000,-12.070000,0.000000	91.220000,2.900000,0.000000
20.415	-70.370000,-85.320000,0.000000	68.750000,-82.870000,0.000000	92.120000,7.460000,0.000000	92.360000,-12.070000,0.000000	91.220000,2.900000,0.000000
20.551	-70.030000,-85.360000,0.000000	68.860000,-82.880000,0.000000	92.200000,6.940000,0.000000	92.360000,-12.070000,0.000000	91.220000,2.900000,0.000000
20.671	-69.960000,-85.370000,0.000000	69.480000,-82.810000,0.000000	92.210000,6.540000,0.000000	92.360000,-12.070000,0.000000	91.220000,2.900000,0.000000
20.805	-71.080000,-85.370000,0.000000	69.290000,-82.820000,0.000000	92.340000,6.030000,0.000000	92.360000,-12.070000,0.000000	91.220000,2.900000,0.000000
20.940	-73.420000,-85.550000,0.000000	69.640000,-82.770000,0.000000	92.490000,5.450000,0.000000	92.360000,-12.070000,0.000000	91.220000,2.900000,0.000000
21.060	-74.320000,-85.470000,0.000000	69.690000,-82.690000,0.000000	92.660000,5.090000,0.000000	92.360000,-12.070000,0.000000	91.220000,2.900000,0.000000
21.196	-74.810000,-85.420000,0.000000	69.450000,-82.500000,0.000000	92.640000,4.830000,0.000000	92.360000,-12.070000,0.000000	91.220000,2.900000,0.000000
21.330	-73.000000,-85.610000,0.000000	70.690000,-82.220000,0.000000	92.620000,4.610000,0.000000	92.360000,-12.070000,0.000000	91.220000,2.900000,0.000000
21.450	-72.100000,-85.590000,0.000000	70.960000,-82.110000,0.000000	92.640000,4.350000,0.000000	92.360000,-12.070000,0.000000	91.220000,2.900000,0.000000
21.586	-71.990000,-85.530000,0.000000	71.600000,-81.870000,0.000000	92.680000,4.150000,0.000000	92.360000,-12.070000,0.000000	91.220000,2.900000,0.000000
21.720	-72.280000,-85.750000,0.000000	72.250000,-81.700000,0.000000	92.560000,3.780000,0.000000	92.360000,-12.070000,0.000000	91.220000,2.900000,0.000000
21.841	-74.460000,-85.830000,0.000000	73.630000,-81.850000,0.000000	92.720000,3.400000,0.000000	92.360000,-12.070000,0.000000	91.220000,2.900000,0.000000
21.975	-72.240000,-85.950000,0.000000	73.860000,-81.720000,0.000000	92.820000,3.200000,0.000000	92.360000,-12.070000,0.000000	91.220000,2.900000,0.000000
22.111	-70.020000,-86.040000,0.000000	74.550000,-81.710000,0.000000	92.970000,3.070000,0.000000	92.360000,-12.070000,0.000000	91.220000,2.900000,0.000000
22.230	-68.690000,-86.060000,0.000000	75.460000,-81.680000,0.000000	93.040000,2.930000,0.000000	92.360000,-12.070000,0.000000	91.220000,2.900000,0.000000
22.366	-70.280000,-86.050000,0.000000	74.740000,-81.640000,0.000000	93.110000,2.840000,0.000000	92.360000,-12.070000,0.000000	91.220000,2.900000,0.000000
22.501	-70.860000,-85.970000,0.000000	75.670000,-81.440000,0.000000	93.080000,2.490000,0.000000	92.360000,-12.070000,0.000000	91.220000,2.900000,0.000000
22.620	-70.430000,-86.090000,0.000000	74.530000,-81.190000,0.000000	93.100000,2.250000,0.000000	92.360000,-12.070000,0.000000	91.220000,2.900000,0.000000
22.756	-71.690000,-85.840000,0.000000	75.510000,-81.400000,0.000000	93.180000,1.870000,0.000000	92.360000,-12.070000,0.000000	91.220000,2.900000,0.000000
22.890	-72.820000,-85.670000,0.000000	75.370000,-81.470000,0.000000	93.500000,1.690000,0.000000	92.360000,-12.070000,0.000000	91.220000,2.900000,0.000000
23.011	-71.760000,-85.870000,0.000000	76.910000,-81.370000,0.000000	93.650000,1.650000,0.000000	92.360000,-12.070000,0.000000	91.220000,2.900000,0.000000
23.145	-72.550000,-86.060000,0.000000	77.570000,-81.270000,0.000000	93.620000,1.350000,0.000000	92.360000,-12.070000,0.000000	91.220000,2.900000,0.000000
23.281	-72.560000,-86.170000,0.000000	77.430000,-81.510000,0.000000	93.460000,1.050000,0.000000	92.360000,-12.070000,0.000000	91.220000,2.900000,0.000000
23.401	-72.670000,-86.170000,0.000000	78.560000,-81.360000,0.000000	93.520000,1.070000,0.000000	92.360000,-12.070000,0.000000	91.220000,2.900000,0.000000
23.535	-72.210000,-86.160000,0.000000	79.260000,-81.310000,0.000000	93.620000,1.050000,0.000000	92.360000,-12.070000,0.000000	91.220000,2.900000,0.000000
23.671	-70.630000,-86.200000,0.000000	79.350000,-80.950000,0.000000	93.700000,0.950000,0.000000	92.360000,-12.070000,0.000000	91.220000,2.900000,0.000000
23.791	-69.660000,-85.970000,0.000000	79.990000,-80.840000,0.000000	93.850000,0.660000,0.000000	92.360000,-12.070000,0.000000	91.220000,2.900000,0.000000
23.925	-67.990000,-86.030000,0.000000	78.870000,-80.640000,0.000000	93.960000,0.610000,0.000000	92.360000,-12.070000,0.000000	91.220000,2.900000,0.000000
24.060	-66.810000,-85.990000,0.000000	79.130000,-80.540000,0.000000	93.920000,0.230000,0.000000	92.360000,-12.070000,0.000000	91.220000,2.900000,0.000000
24.181	-66.450000,-85.900000,0.000000	78.860000,-80.560000,0.000000	94.060000,0.200000,0.000000	92.360000,-12.070000,0.000000	91.220000,2.900000,0.000000
24.315	-64.950000,-85.710000,0.000000	78.430000,-80.540000,0.000000	94.070000,0.220000,0.000000	92.360000,-12.070000,0.000000	91.220000,2.900000,0.000000
24.450	-64.740000,-85.660000,0.000000	78.450000,-80.550000,0.000000	94.060000,0.080000,0.000000	92.360000,-12.070000,0.000000	91.220000,2.900000,0.000000
24.570	-60.670000,-85.700000,0.000000	77.670000,-80.470000,0.000000	94.050000,0.030000,0.000000	92.360000,-12.070000,0.000000	91.220000,2.900000,0.000000
24.704	-62.350000,-85.590000,0.000000	78.240000,-80.530000,0.000000	94.080000,0.040000,0.000000	92.360000,-12.070000,0.000000	91.220000,2.900000,0.000000
24.840	-59.930000,-85.500000,0.000000	78.340000,-80.470000,0.000000	94.010000,0.090000,0.000000	92.360000,-12.070000,0.000000	91.220000,2.900000,0.000000
24.960	-57.860000,-85.420000,0.000000	79.660000,-79.950000,0.000000	93.690000,0.720000,0.000000	92.360000,-12.070000,0.000000	91.220000,2.900000,0.000000
25.096	-56.410000,-85.440000,0.000000	80.710000,-78.850000,0.000000	93.210000,2.260000,0.000000	92.360000,-12.070000,0.000000	91.220000,2.900000,0.000000
25.230	-48.140000,-85.410000,0.000000	83.020000,-76.840000,0.000000	92.470000,3.650000,0.000000	92.360000,-12.070000,0.000000	91.220000,2.900000,0.000000
25.351	-40.680000,-85.530000,0.000000	84.770000,-74.090000,0.000000	91.900000,4.980000,0.000000	92.360000,-12.070000,0.000000	91.220000,2.900000,0.000000
25.485	-34.950000,-85.310000,0.000000	85.870000,-70.380000,0.000000	91.740000,5.480000,0.000000	92.360000,-12.070000,0.000000	91.220000,2.900000,0.000000
25.621	-27.140000,-84.830000,0.000000	87.300000,-66.090000,0.000000	91.210000,5.240000,0.000000	92.360000,-12.070000,0.000000	91.220000,2.900000,0.000000
25.741	-20.910000,-84.670000,0.000000	88.880000,-61.010000,0.000000	90.590000,7.160000,0.000000	92.360000,-12.070000,0.000000	91.220000,2.900000,0.000000
25.874	-15.640000,-83.940000,0.000000	89.130000,-54.900000,0.000000	89.890000,8.260000,0.000000	92.360000,-12.070000,0.000000	91.220000,2.900000,0.000000
26.011	-7.820000,-82.820000,0.000000	89.640000,-48.920000,0.000000	89.860000,8.400000,0.000000	92.360000,-12.070000,0.000000	91.220000,2.900000,0.000000
26.145	-2.370000,-81.250000,0.000000	90.570000,-44.060000,0.000000	91.680000,8.360000,0.000000	92.360000,-12.070000,0.000000	91.220000,2.900000,0.000000
26.266	3.710000,-80.420000,0.000000	91.740000,-37.210000,0.000000	92.280000,8.790000,0.000000	92.360000,-12.070000,0.000000	91.220000,2.900000,0.000000
26.401	8.660000,-79.580000,0.000000	92.550000,-31.360000,0.000000	92.540000,7.140000,0.000000	92.360000,-12.070000,0.000000	91.220000,2.900000,0.000000
26.520	12.920000,-79.190000,0.000000	93.410000,-25.990000,0.000000	92.380000,6.370000,0.000000	92.360000,-12.070000,0.000000	91.220000,2.900000,0.000000
26.656	16.790000,-78.760000,0.000000	94.180000,-21.080000,0.000000	92.250000,5.750000,0.000000	92.360000,-12.070000,0.000000	91.220000,2.900000,0.000000
26.790	20.590000,-78.480000,0.000000	94.530000,-17.140000,0.000000	92.290000,5.140000,0.000000	92.360000,-12.070000,0.000000	91.220000,2.900000,0.000000
26.911	23.800000,-78.470000,0.000000	94.650000,-13.800000,0.000000	92.190000,4.680000,0.000000	92.360000,-12.070000,0.000000	91.220000,2.900000,0.000000
27.060	26.190000,-78.450000,0.000000	94.830000,-11.390000,0.000000	92.190000,4.100000,0.000000	92.360000,-12.070000,0.000000	91.220000,2.900000,0.000000
27.181	27.880000,-78.560000,0.000000	94.960000,-9.250000,0.000000	92.100000,4.120000,0.000000	92.360000,-12.070000,0.000000	91.220000,2.900000,0.000000
27.301	29.420000,-78.650000,0.000000	94.920000,-7.600000,0.000000	92.010000,4.020000,0.000000	92.360000,-12.070000,0.000000	91.220000,2.900000,0.000000
27.451	29.820000,-78.690000,0.000000	94.940000,-6.460000,0.000000	91.870000,3.690000,0.000000	92.360000,-12.070000,0.000000	91.220000,2.900000,0.000000
27.571	31.570000,-78.860000,0.000000	94.960000,-5.360000,0.000000	91.660000,3.790000,0.000000	92.360000,-12.070000,0.000000	91.220000,2.900000,0.000000
27.691	31.300000,-78.900000,0.000000	94.840000,-4.630000,0.000000	91.510000,3.920000,0.000000	92.360000,-12.070000,0.000000	91.220000,2.900000,0.000000
27.826	30.870000,-78.990000,0.000000	94.820000,-4.230000,0.000000	91.420000,3.790000,0.000000	92.360000,-12.070000,0.000000	91.220000,2.900000,0.000000
27.960	30.320000,-79.150000,0.000000	94.750000,-4.160000,0.000000	91.310000,3.850000,0.000000	92.360000,-12.070000,0.000000	91.220000,2.900000,0.000000
28.081	30.540000,-79.300000,0.000000	94.790000,-4.130000,0.000000	91.250000,3.900000,0.000000	92.360000,-12.070000,0.000000	91.220000,2.900000,0.000000
28.230	30.420000,-79.610000,0.000000	94.740000,-4.380000,0.000000	91.160000,3.850000,0.000000	92.360000,-12.070000,0.000000	91.220000,2.900000,0.000000
28.366	29.220000,-79.890000,0.000000	94.540000,-4.740000,0.000000	91.140000,3.890000,0.000000	92.360000,-12.070000,0.000000	91.220000,2.900000,0.000000
28.471	28.880000,-80.020000,0.000000	94.270000,-5.120000,0.000000	91.010000,3.900000,0.000000	92.360000,-12.070000,0.000000	91.220000,2.900000,0.000000
28.606	28.910000,-80.310000,0.000000	94.160000,-5.700000,0.000000	91.160000,3.810000,0.000000	92.360000,-12.070000,0.000000	91.220000,2.900000,0.000000
28.741	28.370000,-80.540000,0.000000	94.010000,-6.310000,0.000000	90.990000,3.930000,0.000000	92.360000,-12.070000,0.000000	91.220000,2.900000,0.000000
28.860	27.870000,-80.710000,0.000000	93.870000,-6.890000,0.000000	90.810000,4.030000,0.000000	92.360000,-12.070000,0.000000	91.220000,2.900000,0.000000
28.996	27.090000,-81.030000,0.000000	93.750000,-7.420000,0.000000	90.970000,3.770000,0.000000	92.360000,-12.070000,0.000000	91.220000,2.900000,0.000000
29.130	26.880000,-81.040000,0.000000	93.560000,-7.930000,0.000000	90.830000,3.950000,0.000000	92.360000,-12.070000,0.000000	91.220000,2.900000,0.000000
29.251	26.970000,-81.220000,0.000000	93.460000,-8.690000,0.000000	90.900000,3.940000,0.000000	92.360000,-12.070000,0.000000	91.220000,2.900000,0.000000
29.386	25.630000,-81.110000,0.000000	93.180000,-9.210000,0.000000	90.700000,3.880000,0.000000	92.360000,-12.070000,0.000000	91.220000,2.900000,0.000000
29.520	24.850000,-81.090000,0.000000	93.080000,-9.910000,0.000000	90.730000,3.830000,0.000000	92.360000,-12.070000,0.000000	91.220000,2.900000,0.000000
29.640	24.630000,-81.080000,0.000000	92.880000,-10.400000,0.000000	90.570000,3.810000,0.000000	92.360000,-12.070000,0.000000	91.220000,2.900000,0.000000
29.775	23.770000,-80.920000,0.000000	92.760000,-10.850000,0.000000	90.540000,3.960000,0.000000	92.360000,-12.070000,0.000000	91.220000,2.900000,0.000000
29.911	23.430000,-80.860000,0.000000	92.710000,-11.320000,0.000000	90.520000,3.960000,0.000000	92.360000,-12.070000,0.000000	91.220000,2.900000,0.000000
