time	pelvis_imu	femur_r_imu	tibia_r_imu
0.000	-23.560000,-55.070000,0.000000	-136.800000,-87.760000,0.000000	-44.380000,-87.510000,0.000000
0.119	-23.610000,-55.110000,0.000000	-135.970000,-87.870000,0.000000	-41.880000,-87.480000,0.000000
0.255	-23.530000,-55.100000,0.000000	-136.990000,-87.850000,0.000000	-42.910000,-87.500000,0.000000
0.390	-23.620000,-55.080000,0.000000	-137.540000,-87.970000,0.000000	-43.990000,-87.470000,0.000000
0.509	-23.610000,-55.180000,0.000000	-135.910000,-87.830000,0.000000	-42.630000,-87.620000,0.000000
0.644	-23.690000,-55.160000,0.000000	-135.960000,-87.800000,0.000000	-41.220000,-87.640000,0.000000
0.779	-23.670000,-55.280000,0.000000	-136.450000,-87.550000,0.000000	-42.930000,-87.590000,0.000000
0.900	-23.560000,-55.300000,0.000000	-136.570000,-87.410000,0.000000	-45.160000,-87.480000,0.000000
1.034	-23.580000,-55.210000,0.000000	-137.840000,-87.450000,0.000000	-38.420000,-87.590000,0.000000
1.169	-23.550000,-55.260000,0.000000	-135.490000,-87.450000,0.000000	-39.630000,-87.540000,0.000000
1.290	-23.590000,-55.380000,0.000000	-132.940000,-87.190000,0.000000	-44.460000,-87.380000,0.000000
1.424	-23.690000,-55.310000,0.000000	-132.170000,-87.010000,0.000000	-48.870000,-87.410000,0.000000
1.560	-23.770000,-55.340000,0.000000	-134.370000,-87.100000,0.000000	-53.690000,-87.480000,0.000000
1.680	-23.890000,-55.390000,0.000000	-133.170000,-87.090000,0.000000	-56.250000,-87.500000,0.000000
1.814	-23.830000,-55.510000,0.000000	-132.990000,-86.970000,0.000000	-57.220000,-87.490000,0.000000
1.949	-24.030000,-55.710000,0.000000	-131.570000,-86.790000,0.000000	-55.140000,-87.310000,0.000000
2.070	-24.270000,-55.810000,0.000000	-130.650000,-86.680000,0.000000	-55.870000,-87.280000,0.000000
2.204	-24.390000,-55.810000,0.000000	-130.200000,-86.660000,0.000000	-54.850000,-87.310000,0.000000
2.340	-24.370000,-55.780000,0.000000	-129.040000,-86.650000,0.000000	-54.590000,-87.300000,0.000000
2.460	-24.310000,-55.780000,0.000000	-129.140000,-86.880000,0.000000	-52.890000,-87.350000,0.000000
2.594	-24.750000,-55.690000,0.000000	-130.050000,-86.550000,0.000000	-56.680000,-87.410000,0.000000
2.730	-24.380000,-55.620000,0.000000	-135.510000,-86.850000,0.000000	-55.790000,-87.350000,0.000000
2.850	-24.510000,-55.510000,0.000000	-130.930000,-86.820000,0.000000	-54.440000,-87.330000,0.000000
2.985	-24.330000,-55.540000,0.000000	-130.720000,-86.810000,0.000000	-55.770000,-87.330000,0.000000
3.119	-23.700000,-55.430000,0.000000	-131.050000,-86.910000,0.000000	-56.630000,-87.340000,0.000000
3.240	-23.460000,-55.430000,0.000000	-132.480000,-86.890000,0.000000	-55.590000,-87.490000,0.000000
3.374	-23.090000,-55.400000,0.000000	-131.370000,-86.980000,0.000000	-54.020000,-87.350000,0.000000
3.509	-23.170000,-55.410000,0.000000	-128.430000,-86.930000,0.000000	-54.500000,-87.220000,0.000000
3.630	-23.210000,-55.450000,0.000000	-127.920000,-86.980000,0.000000	-55.580000,-87.120000,0.000000
3.764	-23.150000,-55.620000,0.000000	-127.490000,-86.950000,0.000000	-57.640000,-87.080000,0.000000
3.900	-23.300000,-55.700000,0.000000	-129.360000,-86.890000,0.000000	-56.460000,-87.130000,0.000000
4.019	-23.240000,-55.770000,0.000000	-128.780000,-86.520000,0.000000	-58.000000,-86.810000,0.000000
4.155	-23.190000,-55.820000,0.000000	-128.430000,-86.380000,0.000000	-59.450000,-86.670000,0.000000
4.290	-22.930000,-55.890000,0.000000	-135.130000,-86.500000,0.000000	-59.460000,-86.840000,0.000000
4.410	-22.660000,-55.940000,0.000000	-138.120000,-86.620000,0.000000	-57.610000,-87.060000,0.000000
4.544	-22.840000,-56.030000,0.000000	-136.210000,-86.420000,0.000000	-54.740000,-87.100000,0.000000
4.679	-23.020000,-56.080000,0.000000	-135.350000,-86.170000,0.000000	-54.050000,-87.210000,0.000000
4.799	-23.210000,-56.040000,0.000000	-132.610000,-85.990000,0.000000	-55.760000,-87.110000,0.000000
4.964	-23.220000,-56.020000,0.000000	-134.230000,-86.090000,0.000000	-56.500000,-87.070000,0.000000
5.069	-23.620000,-56.010000,0.000000	-132.090000,-86.180000,0.000000	-57.250000,-87.100000,0.000000
5.190	-23.880000,-56.010000,0.000000	-129.760000,-86.110000,0.000000	-59.080000,-86.850000,0.000000
5.325	-23.880000,-56.000000,0.000000	-131.730000,-86.080000,0.000000	-55.890000,-87.040000,0.000000
5.460	-23.260000,-55.890000,0.000000	-133.110000,-86.040000,0.000000	-58.630000,-87.100000,0.000000
5.579	-22.590000,-55.910000,0.000000	-132.580000,-86.140000,0.000000	-62.380000,-87.270000,0.000000
5.715	-22.480000,-55.780000,0.000000	-128.370000,-86.030000,0.000000	-58.940000,-87.270000,0.000000
5.849	-22.340000,-55.770000,0.000000	-125.330000,-86.150000,0.000000	-57.090000,-87.040000,0.000000
5.970	-21.840000,-55.840000,0.000000	-121.960000,-85.940000,0.000000	-55.590000,-86.670000,0.000000
6.104	-21.570000,-55.820000,0.000000	-116.050000,-85.760000,0.000000	-54.590000,-86.290000,0.000000
6.239	-22.410000,-55.910000,0.000000	-109.910000,-85.060000,0.000000	-41.360000,-85.980000,0.000000
6.360	-23.340000,-55.800000,0.000000	-102.830000,-83.630000,0.000000	-28.280000,-85.830000,0.000000
6.495	-23.820000,-56.000000,0.000000	-96.370000,-82.850000,0.000000	-23.900000,-84.990000,0.000000
6.630	-24.610000,-55.840000,0.000000	-90.820000,-81.870000,0.000000	-26.780000,-84.510000,0.000000
6.749	-26.170000,-55.750000,0.000000	-86.620000,-80.390000,0.000000	-25.310000,-84.220000,0.000000
6.885	-26.520000,-55.660000,0.000000	-85.040000,-78.910000,0.000000	-29.660000,-83.020000,0.000000
7.034	-27.470000,-55.660000,0.000000	-84.960000,-76.600000,0.000000	-35.380000,-81.550000,0.000000
7.139	-28.290000,-55.690000,0.000000	-84.460000,-74.660000,0.000000	-40.710000,-79.380000,0.000000
7.275	-30.060000,-55.870000,0.000000	-84.060000,-71.930000,0.000000	-44.400000,-77.820000,0.000000
7.409	-31.190000,-56.230000,0.000000	-84.550000,-69.220000,0.000000	-49.890000,-75.900000,0.000000
7.530	-33.100000,-56.630000,0.000000	-84.750000,-64.650000,0.000000	-54.290000,-72.880000,0.000000
7.665	-35.290000,-56.990000,0.000000	-84.990000,-59.660000,0.000000	-58.300000,-69.280000,0.000000
7.800	-37.450000,-57.250000,0.000000	-85.120000,-55.140000,0.000000	-62.080000,-65.690000,0.000000
7.919	-39.700000,-57.960000,0.000000	-85.290000,-50.610000,0.000000	-66.430000,-61.990000,0.000000
8.054	-41.510000,-58.380000,0.000000	-85.610000,-46.790000,0.000000	-69.890000,-58.410000,0.000000
8.189	-44.270000,-58.990000,0.000000	-85.720000,-42.200000,0.000000	-72.900000,-54.910000,0.000000
8.310	-46.260000,-59.340000,0.000000	-85.910000,-37.560000,0.000000	-75.780000,-51.490000,0.000000
8.445	-49.170000,-59.890000,0.000000	-85.960000,-33.410000,0.000000	-78.420000,-47.730000,0.000000
8.579	-51.310000,-60.970000,0.000000	-85.780000,-29.480000,0.000000	-80.780000,-44.320000,0.000000
8.700	-53.330000,-61.410000,0.000000	-85.850000,-25.910000,0.000000	-82.260000,-40.800000,0.000000
8.834	-56.130000,-61.850000,0.000000	-85.620000,-22.690000,0.000000	-83.440000,-37.890000,0.000000
8.970	-58.910000,-62.350000,0.000000	-85.780000,-19.820000,0.000000	-84.200000,-35.680000,0.000000
9.090	-61.160000,-63.000000,0.000000	-85.680000,-17.530000,0.000000	-85.090000,-33.470000,0.000000
9.225	-62.650000,-63.630000,0.000000	-86.250000,-15.440000,0.000000	-86.060000,-31.500000,0.000000
9.360	-64.340000,-63.660000,0.000000	-86.710000,-14.070000,0.000000	-86.860000,-30.160000,0.000000
9.479	-65.910000,-63.670000,0.000000	-87.240000,-13.020000,0.000000	-86.800000,-28.950000,0.000000
9.615	-66.510000,-64.100000,0.000000	-87.650000,-12.720000,0.000000	-87.030000,-28.600000,0.000000
9.764	-67.880000,-64.380000,0.000000	-88.020000,-12.350000,0.000000	-87.080000,-28.070000,0.000000
9.870	-69.010000,-64.620000,0.000000	-88.530000,-12.160000,0.000000	-87.020000,-27.870000,0.000000
10.004	-69.400000,-65.020000,0.000000	-89.180000,-12.300000,0.000000	-87.050000,-27.930000,0.000000
10.139	-69.820000,-65.180000,0.000000	-90.170000,-12.210000,0.000000	-87.010000,-27.530000,0.000000
10.260	-70.250000,-65.680000,0.000000	-90.970000,-12.690000,0.000000	-87.240000,-27.660000,0.000000
10.394	-69.830000,-66.170000,0.000000	-91.560000,-13.200000,0.000000	-87.420000,-27.920000,0.000000
10.530	-70.370000,-66.050000,0.000000	-92.260000,-13.630000,0.000000	-87.480000,-28.360000,0.000000
10.649	-70.130000,-65.960000,0.000000	-92.680000,-14.100000,0.000000	-87.460000,-28.400000,0.000000
10.785	-69.390000,-66.150000,0.000000	-93.230000,-14.820000,0.000000	-87.450000,-28.820000,0.000000
10.919	-68.780000,-66.230000,0.000000	-93.700000,-15.450000,0.000000	-87.140000,-29.330000,0.000000
11.040	-69.060000,-66.220000,0.000000	-94.000000,-16.060000,0.000000	-86.950000,-29.770000,0.000000
11.175	-68.810000,-66.430000,0.000000	-94.180000,-16.760000,0.000000	-86.630000,-30.000000,0.000000
11.309	-68.550000,-66.590000,0.000000	-94.400000,-17.360000,0.000000	-86.490000,-30.640000,0.000000
11.430	-68.180000,-66.570000,0.000000	-94.660000,-18.010000,0.000000	-85.820000,-31.550000,0.000000
11.564	-67.740000,-66.420000,0.000000	-95.090000,-19.070000,0.000000	-85.370000,-32.420000,0.000000
11.700	-67.660000,-66.280000,0.000000	-95.410000,-19.990000,0.000000	-84.910000,-34.310000,0.000000
11.819	-66.550000,-66.540000,0.000000	-95.680000,-21.840000,0.000000	-85.120000,-36.960000,0.000000
11.954	-66.020000,-66.360000,0.000000	-96.030000,-23.540000,0.000000	-84.990000,-39.270000,0.000000
12.090	-64.250000,-66.250000,0.000000	-96.210000,-25.820000,0.000000	-84.420000,-41.550000,0.000000
12.209	-62.720000,-65.620000,0.000000	-96.680000,-27.700000,0.000000	-84.290000,-44.780000,0.000000
12.345	-61.130000,-65.210000,0.000000	-97.260000,-31.080000,0.000000	-84.440000,-48.880000,0.000000
12.479	-58.060000,-64.810000,0.000000	-96.940000,-34.470000,0.000000	-82.490000,-53.020000,0.000000
12.600	-55.400000,-63.960000,0.000000	-97.320000,-38.470000,0.000000	-81.730000,-57.020000,0.000000
12.734	-52.760000,-63.210000,0.000000	-97.280000,-42.990000,0.000000	-81.000000,-60.670000,0.000000
12.869	-50.030000,-62.360000,0.000000	-97.350000,-47.190000,0.000000	-77.790000,-64.470000,0.000000
12.990	-47.280000,-61.680000,0.000000	-97.260000,-51.780000,0.000000	-77.360000,-68.710000,0.000000
13.125	-43.800000,-60.630000,0.000000	-97.140000,-56.270000,0.000000	-76.580000,-72.230000,0.000000
13.259	-41.060000,-59.600000,0.000000	-97.600000,-61.050000,0.000000	-74.890000,-76.030000,0.000000
13.380	-37.870000,-58.710000,0.000000	-99.960000,-65.630000,0.000000	-71.110000,-79.280000,0.000000
13.515	-35.060000,-57.970000,0.000000	-103.750000,-69.800000,0.000000	-85.570000,-82.870000,0.000000
13.649	-32.100000,-57.300000,0.000000	-107.270000,-74.070000,0.000000	-85.580000,-85.080000,0.000000
13.770	-29.290000,-56.750000,0.000000	-110.570000,-77.580000,0.000000	-84.690000,-87.070000,0.000000
13.904	-27.180000,-56.710000,0.000000	-114.560000,-80.360000,0.000000	-91.720000,-89.080000,0.000000
14.040	-25.720000,-56.590000,0.000000	-117.230000,-82.800000,0.000000	-92.640000,-90.390000,0.000000
14.160	-24.400000,-56.620000,0.000000	-120.120000,-84.770000,0.000000	-92.620000,-91.520000,0.000000
14.295	-23.390000,-56.590000,0.000000	-122.370000,-86.310000,0.000000	-93.510000,-92.080000,0.000000
14.430	-23.090000,-56.650000,0.000000	-124.000000,-87.620000,0.000000	-94.710000,-92.680000,0.000000
14.550	-22.780000,-56.750000,0.000000	-125.970000,-88.640000,0.000000	-97.090000,-93.330000,0.000000
14.684	-22.680000,-56.930000,0.000000	-127.830000,-89.300000,0.000000	-95.820000,-93.750000,0.000000
14.819	-22.440000,-57.110000,0.000000	-128.500000,-89.770000,0.000000	-97.570000,-94.030000,0.000000
14.940	-22.510000,-57.390000,0.000000	-128.860000,-90.150000,0.000000	-96.740000,-94.320000,0.000000
15.074	-22.320000,-57.590000,0.000000	-129.550000,-90.210000,0.000000	-96.120000,-94.170000,0.000000
15.209	-22.450000,-57.890000,0.000000	-130.630000,-90.060000,0.000000	-96.580000,-94.040000,0.000000
15.330	-22.700000,-58.080000,0.000000	-131.370000,-89.790000,0.000000	-95.320000,-93.830000,0.000000
15.464	-23.310000,-58.250000,0.000000	-131.620000,-89.470000,0.000000	-95.450000,-93.290000,0.000000
15.600	-23.630000,-58.360000,0.000000	-131.520000,-89.120000,0.000000	-95.810000,-92.770000,0.000000
15.719	-24.180000,-58.500000,0.000000	-130.820000,-88.670000,0.000000	-95.340000,-92.480000,0.000000
15.855	-24.530000,-58.760000,0.000000	-130.250000,-88.210000,0.000000	-94.390000,-92.010000,0.000000
15.990	-25.020000,-58.850000,0.000000	-129.490000,-87.670000,0.000000	-92.970000,-91.390000,0.000000
16.109	-25.080000,-58.870000,0.000000	-129.200000,-87.000000,0.000000	-94.330000,-91.210000,0.000000
16.245	-25.580000,-58.920000,0.000000	-128.310000,-86.450000,0.000000	-93.690000,-90.850000,0.000000
16.379	-25.790000,-59.000000,0.000000	-127.610000,-86.040000,0.000000	-91.770000,-90.460000,0.000000
16.499	-26.070000,-58.830000,0.000000	-127.490000,-85.490000,0.000000	-91.090000,-90.050000,0.000000
16.634	-26.400000,-58.780000,0.000000	-126.490000,-85.100000,0.000000	-90.610000,-89.720000,0.000000
16.770	-26.510000,-58.720000,0.000000	-125.610000,-84.830000,0.000000	-90.490000,-89.450000,0.000000
16.890	-26.390000,-58.670000,0.000000	-125.540000,-84.560000,0.000000	-88.040000,-89.210000,0.000000
17.025	-26.440000,-58.490000,0.000000	-124.650000,-84.450000,0.000000	-85.960000,-89.110000,0.000000
17.159	-26.390000,-58.430000,0.000000	-123.960000,-84.080000,0.000000	-86.860000,-89.000000,0.000000
17.280	-26.310000,-58.380000,0.000000	-122.770000,-83.920000,0.000000	-85.300000,-88.930000,0.000000
17.415	-26.160000,-58.380000,0.000000	-122.700000,-83.770000,0.000000	-85.570000,-88.660000,0.000000
17.549	-26.280000,-58.270000,0.000000	-122.850000,-83.350000,0.000000	-84.960000,-88.380000,0.000000
17.669	-26.120000,-58.490000,0.000000	-123.320000,-82.880000,0.000000	-88.700000,-88.310000,0.000000
17.804	-26.000000,-58.530000,0.000000	-123.010000,-82.840000,0.000000	-92.390000,-88.120000,0.000000
17.939	-26.290000,-58.450000,0.000000	-122.310000,-82.500000,0.000000	-91.420000,-87.860000,0.000000
18.060	-26.490000,-58.460000,0.000000	-120.850000,-82.630000,0.000000	-76.750000,-88.000000,0.000000
18.194	-26.440000,-58.070000,0.000000	-120.680000,-82.680000,0.000000	-76.890000,-87.140000,0.000000
18.330	-25.920000,-57.340000,0.000000	-122.490000,-82.650000,0.000000	-62.530000,-87.350000,0.000000
18.449	-25.960000,-56.780000,0.000000	-121.380000,-82.130000,0.000000	-55.500000,-87.290000,0.000000
18.585	-26.130000,-55.970000,0.000000	-117.430000,-81.860000,0.000000	-56.570000,-86.700000,0.000000
18.719	-26.120000,-55.480000,0.000000	-114.820000,-81.410000,0.000000	-57.540000,-85.950000,0.000000
18.840	-26.890000,-55.150000,0.000000	-113.080000,-80.230000,0.000000	-60.370000,-84.830000,0.000000
18.975	-27.430000,-55.010000,0.000000	-113.320000,-78.500000,0.000000	-62.630000,-83.020000,0.000000
19.109	-28.750000,-55.210000,0.000000	-111.190000,-76.080000,0.000000	-64.150000,-80.950000,0.000000
19.230	-29.800000,-55.850000,0.000000	-108.680000,-72.230000,0.000000	-65.160000,-79.110000,0.000000
19.379	-30.430000,-56.900000,0.000000	-106.700000,-68.620000,0.000000	-66.780000,-76.630000,0.000000
19.500	-32.300000,-57.690000,0.000000	-104.570000,-64.800000,0.000000	-69.120000,-73.830000,0.000000
19.619	-34.040000,-58.520000,0.000000	-102.880000,-60.750000,0.000000	-70.900000,-70.490000,0.000000
19.755	-35.910000,-59.030000,0.000000	-100.950000,-56.130000,0.000000	-72.510000,-67.180000,0.000000
19.890	-38.350000,-59.770000,0.000000	-99.140000,-51.870000,0.000000	-74.260000,-64.340000,0.000000
20.010	-40.780000,-60.730000,0.000000	-97.320000,-47.070000,0.000000	-75.370000,-60.950000,0.000000
20.145	-43.530000,-61.490000,0.000000	-95.690000,-42.340000,0.000000	-76.060000,-57.190000,0.000000
20.279	-46.870000,-61.990000,0.000000	-94.280000,-37.410000,0.000000	-77.420000,-53.640000,0.000000
20.399	-49.700000,-63.160000,0.000000	-92.650000,-32.810000,0.000000	-78.200000,-50.200000,0.000000
20.534	-53.030000,-63.840000,0.000000	-90.950000,-28.500000,0.000000	-78.680000,-46.960000,0.000000
20.670	-55.480000,-64.570000,0.000000	-89.530000,-24.850000,0.000000	-78.950000,-43.680000,0.000000
20.790	-60.340000,-64.730000,0.000000	-88.170000,-20.890000,0.000000	-79.400000,-40.920000,0.000000
20.924	-63.990000,-65.360000,0.000000	-87.540000,-17.680000,0.000000	-79.890000,-38.220000,0.000000
21.060	-67.620000,-65.890000,0.000000	-86.890000,-15.060000,0.000000	-80.290000,-35.870000,0.000000
21.194	-71.050000,-65.640000,0.000000	-86.680000,-12.150000,0.000000	-80.340000,-33.420000,0.000000
21.314	-73.460000,-66.070000,0.000000	-86.640000,-10.070000,0.000000	-80.650000,-31.580000,0.000000
21.449	-75.960000,-66.630000,0.000000	-86.740000,-8.600000,0.000000	-80.800000,-30.150000,0.000000
21.569	-78.020000,-66.830000,0.000000	-86.950000,-7.310000,0.000000	-80.780000,-28.650000,0.000000
21.704	-79.410000,-67.210000,0.000000	-87.310000,-6.920000,0.000000	-80.700000,-27.630000,0.000000
21.840	-80.410000,-67.440000,0.000000	-87.350000,-6.340000,0.000000	-80.780000,-26.960000,0.000000
21.959	-80.850000,-67.620000,0.000000	-87.660000,-6.340000,0.000000	-80.870000,-26.560000,0.000000
22.094	-80.360000,-67.960000,0.000000	-87.900000,-6.580000,0.000000	-81.000000,-26.230000,0.000000
22.230	-80.710000,-67.940000,0.000000	-88.250000,-6.750000,0.000000	-80.880000,-25.930000,0.000000
22.349	-81.010000,-67.930000,0.000000	-88.430000,-7.200000,0.000000	-81.310000,-26.170000,0.000000
22.485	-80.990000,-68.000000,0.000000	-88.810000,-7.560000,0.000000	-81.630000,-26.610000,0.000000
22.619	-80.020000,-68.210000,0.000000	-89.040000,-8.360000,0.000000	-82.240000,-26.990000,0.000000
22.739	-79.940000,-68.030000,0.000000	-89.580000,-8.820000,0.000000	-82.230000,-27.330000,0.000000
22.875	-80.420000,-67.570000,0.000000	-90.000000,-9.110000,0.000000	-81.900000,-27.540000,0.000000
23.009	-80.100000,-67.640000,0.000000	-90.460000,-9.750000,0.000000	-81.640000,-28.030000,0.000000
23.130	-78.900000,-67.920000,0.000000	-90.510000,-10.650000,0.000000	-81.580000,-28.620000,0.000000
23.264	-78.430000,-68.070000,0.000000	-90.780000,-11.650000,0.000000	-81.140000,-29.040000,0.000000
23.400	-78.110000,-68.000000,0.000000	-91.160000,-12.560000,0.000000	-81.220000,-29.570000,0.000000
23.520	-78.060000,-67.940000,0.000000	-91.310000,-13.140000,0.000000	-81.370000,-29.750000,0.000000
23.655	-78.100000,-67.690000,0.000000	-91.560000,-13.740000,0.000000	-81.560000,-29.940000,0.000000
23.790	-78.240000,-67.500000,0.000000	-91.730000,-14.040000,0.000000	-81.530000,-30.260000,0.000000
23.909	-78.020000,-67.340000,0.000000	-91.780000,-14.860000,0.000000	-81.280000,-30.930000,0.000000
24.044	-77.260000,-67.210000,0.000000	-91.920000,-15.480000,0.000000	-81.100000,-31.350000,0.000000
24.179	-76.900000,-66.690000,0.000000	-92.080000,-15.920000,0.000000	-80.970000,-31.870000,0.000000
24.300	-76.450000,-66.620000,0.000000	-92.450000,-16.490000,0.000000	-80.890000,-32.310000,0.000000
24.434	-76.170000,-66.780000,0.000000	-92.530000,-17.010000,0.000000	-80.910000,-32.850000,0.000000
24.570	-75.910000,-66.910000,0.000000	-92.570000,-17.410000,0.000000	-81.030000,-33.330000,0.000000
24.690	-75.970000,-66.720000,0.000000	-92.460000,-17.720000,0.000000	-80.940000,-33.410000,0.000000
24.824	-76.110000,-66.770000,0.000000	-92.330000,-17.980000,0.000000	-80.960000,-33.880000,0.000000
24.960	-76.180000,-66.720000,0.000000	-92.360000,-18.180000,0.000000	-80.990000,-33.930000,0.000000
25.079	-75.920000,-66.670000,0.000000	-92.440000,-18.350000,0.000000	-81.060000,-34.160000,0.000000
25.215	-75.460000,-66.710000,0.000000	-92.530000,-18.550000,0.000000	-81.040000,-34.520000,0.000000
25.349	-75.240000,-66.540000,0.000000	-92.790000,-18.620000,0.000000	-81.140000,-34.720000,0.000000
25.470	-74.530000,-66.590000,0.000000	-92.910000,-19.040000,0.000000	-81.260000,-35.470000,0.000000
25.604	-73.200000,-66.390000,0.000000	-93.060000,-19.450000,0.000000	-81.800000,-35.560000,0.000000
25.740	-72.910000,-66.480000,0.000000	-92.980000,-19.660000,0.000000	-81.930000,-35.800000,0.000000
25.859	-72.500000,-66.230000,0.000000	-92.650000,-19.400000,0.000000	-81.760000,-36.350000,0.000000
25.994	-71.890000,-65.980000,0.000000	-92.520000,-19.500000,0.000000	-82.160000,-36.770000,0.000000
26.130	-71.290000,-66.230000,0.000000	-92.400000,-19.550000,0.000000	-82.180000,-37.350000,0.000000
26.249	-70.700000,-66.570000,0.000000	-92.120000,-19.510000,0.000000	-82.210000,-37.990000,0.000000
26.385	-71.020000,-66.260000,0.000000	-91.990000,-19.090000,0.000000	-82.360000,-39.420000,0.000000
26.519	-70.970000,-66.070000,0.000000	-91.620000,-18.800000,0.000000	-82.500000,-40.880000,0.000000
26.639	-70.870000,-65.770000,0.000000	-91.270000,-17.860000,0.000000	-82.720000,-43.220000,0.000000
26.774	-70.320000,-65.810000,0.000000	-90.550000,-17.660000,0.000000	-83.230000,-45.970000,0.000000
26.909	-69.990000,-65.580000,0.000000	-90.090000,-17.030000,0.000000	-83.230000,-49.530000,0.000000
27.030	-69.930000,-65.300000,0.000000	-89.570000,-16.030000,0.000000	-84.100000,-53.820000,0.000000
27.164	-70.360000,-65.120000,0.000000	-89.560000,-14.720000,0.000000	-85.140000,-59.190000,0.000000
27.300	-69.860000,-65.260000,0.000000	-89.240000,-14.170000,0.000000	-85.230000,-64.330000,0.000000
27.419	-70.820000,-64.870000,0.000000	-88.990000,-13.140000,0.000000	-89.160000,-69.600000,0.000000
27.555	-71.390000,-65.060000,0.000000	-88.940000,-12.360000,0.000000	-56.710000,-74.440000,0.000000
27.690	-73.960000,-65.090000,0.000000	-89.460000,-11.300000,0.000000	-26.970000,-77.750000,0.000000
27.809	-74.270000,-65.090000,0.000000	-89.000000,-10.590000,0.000000	-4.230000,-80.900000,0.000000
27.945	-74.250000,-64.880000,0.000000	-88.910000,-9.900000,0.000000	14.700000,-83.430000,0.000000
28.078	-74.170000,-65.010000,0.000000	-88.920000,-9.510000,0.000000	33.790000,-85.280000,0.000000
28.199	-74.040000,-64.750000,0.000000	-88.650000,-9.160000,0.000000	49.780000,-87.100000,0.000000
28.334	-73.560000,-64.510000,0.000000	-88.580000,-8.970000,0.000000	64.060000,-88.540000,0.000000
28.469	-73.240000,-64.460000,0.000000	-88.360000,-8.740000,0.000000	73.400000,-89.750000,0.000000
28.589	-72.920000,-64.310000,0.000000	-88.270000,-8.510000,0.000000	82.320000,-90.960000,0.000000
28.724	-72.480000,-64.180000,0.000000	-88.050000,-8.400000,0.000000	85.590000,-92.230000,0.000000
28.860	-72.240000,-63.730000,0.000000	-88.140000,-8.250000,0.000000	84.950000,-93.300000,0.000000
28.979	-71.730000,-63.770000,0.000000	-88.350000,-8.250000,0.000000	83.430000,-94.020000,0.000000
29.115	-71.330000,-63.870000,0.000000	-88.510000,-8.420000,0.000000	93.040000,-94.600000,0.000000
29.249	-71.210000,-64.020000,0.000000	-88.550000,-8.620000,0.000000	89.640000,-95.000000,0.000000
29.370	-70.530000,-63.820000,0.000000	-88.450000,-8.820000,0.000000	82.830000,-95.230000,0.000000
29.504	-70.410000,-63.610000,0.000000	-88.700000,-9.000000,0.000000	74.980000,-95.310000,0.000000
29.639	-70.590000,-63.780000,0.000000	-88.950000,-9.100000,0.000000	61.280000,-95.240000,0.000000
29.760	-70.760000,-63.910000,0.000000	-89.070000,-9.250000,0.000000	55.260000,-95.210000,0.000000
29.894	-70.950000,-63.960000,0.000000	-89.230000,-9.370000,0.000000	41.420000,-95.030000,0.000000
30.029	-70.960000,-64.080000,0.000000	-89.500000,-9.530000,0.000000	35.880000,-95.040000,0.000000
30.164	-70.710000,-64.300000,0.000000	-89.620000,-9.570000,0.000000	22.390000,-94.600000,0.000000
30.284	-70.690000,-64.340000,0.000000	-89.900000,-9.690000,0.000000	3.730000,-94.210000,0.000000
30.419	-70.410000,-64.470000,0.000000	-90.140000,-9.870000,0.000000	-11.460000,-93.860000,0.000000
30.539	-70.580000,-64.390000,0.000000	-90.380000,-9.840000,0.000000	-25.250000,-93.390000,0.000000
30.675	-70.490000,-64.380000,0.000000	-90.550000,-9.930000,0.000000	-36.050000,-93.000000,0.000000
30.809	-70.320000,-64.410000,0.000000	-90.630000,-9.980000,0.000000	-39.400000,-92.570000,0.000000
30.930	-70.670000,-64.420000,0.000000	-90.760000,-10.170000,0.000000	-29.550000,-92.060000,0.000000
31.064	-70.650000,-64.580000,0.000000	-91.030000,-10.790000,0.000000	-11.380000,-90.500000,0.000000
31.200	-68.920000,-64.880000,0.000000	-91.270000,-12.650000,0.000000	0.470000,-88.910000,0.000000
31.319	-67.510000,-65.050000,0.000000	-91.590000,-14.720000,0.000000	13.040000,-87.780000,0.000000
31.454	-64.830000,-64.860000,0.000000	-92.170000,-17.310000,0.000000	25.650000,-86.030000,0.000000
31.590	-63.160000,-64.700000,0.000000	-92.850000,-20.650000,0.000000	37.740000,-84.220000,0.000000
31.709	-59.470000,-64.420000,0.000000	-93.480000,-25.230000,0.000000	48.570000,-81.270000,0.000000
31.845	-56.270000,-63.990000,0.000000	-93.920000,-29.980000,0.000000	59.290000,-78.590000,0.000000
31.979	-52.670000,-62.970000,0.000000	-93.560000,-35.870000,0.000000	66.160000,-78.330000,0.000000
32.100	-50.010000,-61.750000,0.000000	115.350000,-42.820000,0.000000	72.430000,-78.810000,0.000000
32.234	-45.990000,-60.910000,0.000000	-97.920000,-49.960000,0.000000	76.570000,-78.350000,0.000000
32.370	-41.900000,-59.600000,0.000000	-99.130000,-56.450000,0.000000	65.730000,-79.030000,0.000000
32.489	-37.910000,-59.110000,0.000000	-104.560000,-62.770000,0.000000	58.390000,-80.070000,0.000000
32.624	-33.780000,-59.000000,0.000000	-111.320000,-68.650000,0.000000	38.020000,-80.960000,0.000000
32.760	-30.580000,-59.020000,0.000000	-117.160000,-73.750000,0.000000	10.380000,-82.080000,0.000000
32.879	-28.120000,-59.090000,0.000000	-121.460000,-78.030000,0.000000	-10.830000,-83.050000,0.000000
33.015	-26.790000,-59.240000,0.000000	-125.610000,-81.670000,0.000000	-30.000000,-83.820000,0.000000
33.149	-25.430000,-59.490000,0.000000	-132.110000,-84.950000,0.000000	-43.030000,-84.580000,0.000000
33.270	-24.780000,-59.690000,0.000000	-134.430000,-87.480000,0.000000	-58.720000,-85.280000,0.000000
33.403	-24.430000,-60.060000,0.000000	-136.890000,-89.550000,0.000000	-25.320000,-86.130000,0.000000
33.540	-24.100000,-60.450000,0.000000	-139.890000,-91.000000,0.000000	-45.900000,-86.730000,0.000000
33.660	-23.750000,-60.830000,0.000000	-143.790000,-92.460000,0.000000	-20.530000,-87.280000,0.000000
33.809	-23.460000,-61.130000,0.000000	-146.700000,-93.510000,0.000000	-47.020000,-87.730000,0.000000
33.929	-23.410000,-61.530000,0.000000	-147.600000,-93.880000,0.000000	-65.880000,-88.050000,0.000000
34.049	-23.590000,-61.880000,0.000000	-148.600000,-94.330000,0.000000	-77.960000,-88.030000,0.000000
34.185	-24.200000,-62.240000,0.000000	-149.110000,-94.340000,0.000000	-94.740000,-88.240000,0.000000
34.319	-24.930000,-62.320000,0.000000	-148.940000,-94.110000,0.000000	-106.290000,-88.400000,0.000000
34.440	-25.760000,-62.790000,0.000000	-150.230000,-93.720000,0.000000	115.140000,-88.360000,0.000000
34.574	-26.520000,-62.980000,0.000000	-147.990000,-93.100000,0.000000	-113.200000,-88.420000,0.000000
34.710	-26.300000,-63.470000,0.000000	-148.110000,-92.860000,0.000000	108.260000,-88.390000,0.000000
34.830	-26.480000,-63.530000,0.000000	-146.470000,-92.490000,0.000000	-102.990000,-88.560000,0.000000
34.964	-26.660000,-63.860000,0.000000	-145.720000,-91.880000,0.000000	129.640000,-88.740000,0.000000
35.100	-26.690000,-64.310000,0.000000	-145.640000,-91.140000,0.000000	126.350000,-88.770000,0.000000
35.219	-26.680000,-64.490000,0.000000	-145.740000,-90.350000,0.000000	125.610000,-88.930000,0.000000
35.354	-26.640000,-64.550000,0.000000	-144.320000,-89.880000,0.000000	118.920000,-88.850000,0.000000
35.490	-27.080000,-64.630000,0.000000	-142.250000,-89.070000,0.000000	-155.700000,-89.010000,0.000000
35.609	-27.690000,-64.790000,0.000000	-140.930000,-88.230000,0.000000	157.750000,-89.190000,0.000000
35.744	-28.110000,-64.620000,0.000000	-139.780000,-87.520000,0.000000	151.120000,-89.180000,0.000000
35.879	-27.710000,-64.520000,0.000000	-139.770000,-87.000000,0.000000	146.240000,-89.240000,0.000000
36.000	-27.520000,-64.510000,0.000000	-140.550000,-86.520000,0.000000	-173.520000,-89.270000,0.000000
36.135	-27.860000,-64.580000,0.000000	-141.630000,-86.110000,0.000000	116.570000,-89.140000,0.000000
36.270	-28.020000,-64.670000,0.000000	-143.080000,-85.680000,0.000000	113.040000,-89.170000,0.000000
36.404	-28.160000,-64.740000,0.000000	-142.940000,-85.150000,0.000000	111.550000,-88.900000,0.000000
36.524	-28.480000,-64.720000,0.000000	-141.700000,-84.840000,0.000000	111.480000,-88.860000,0.000000
36.660	-28.970000,-64.680000,0.000000	-141.680000,-84.410000,0.000000	118.400000,-88.790000,0.000000
36.779	-28.870000,-64.710000,0.000000	-141.530000,-84.070000,0.000000	124.890000,-88.790000,0.000000
36.914	-28.570000,-64.790000,0.000000	-141.540000,-83.820000,0.000000	-177.580000,-88.700000,0.000000
37.064	-28.880000,-64.920000,0.000000	-141.470000,-83.600000,0.000000	128.160000,-88.690000,0.000000
37.169	-29.100000,-64.900000,0.000000	-140.950000,-83.360000,0.000000	131.810000,-88.670000,0.000000
37.304	-29.180000,-64.850000,0.000000	-140.740000,-82.930000,0.000000	132.210000,-88.790000,0.000000
37.439	-29.280000,-64.860000,0.000000	-140.730000,-82.680000,0.000000	133.110000,-88.620000,0.000000
37.559	-29.000000,-64.850000,0.000000	-141.020000,-82.470000,0.000000	131.440000,-88.550000,0.000000
37.694	-29.090000,-64.810000,0.000000	-140.480000,-82.380000,0.000000	132.600000,-88.600000,0.000000
37.829	-29.130000,-64.770000,0.000000	-140.920000,-82.300000,0.000000	137.370000,-88.470000,0.000000
37.949	-29.270000,-64.780000,0.000000	-140.570000,-82.000000,0.000000	137.340000,-88.420000,0.000000
38.084	-29.610000,-64.860000,0.000000	-140.450000,-81.900000,0.000000	135.360000,-88.430000,0.000000
38.218	-29.570000,-64.850000,0.000000	-139.390000,-81.760000,0.000000	139.890000,-88.450000,0.000000
38.339	-29.620000,-64.770000,0.000000	-139.160000,-81.740000,0.000000	144.150000,-88.400000,0.000000
38.475	-29.380000,-64.760000,0.000000	-138.890000,-81.750000,0.000000	146.780000,-88.340000,0.000000
38.609	-29.440000,-64.730000,0.000000	-139.240000,-81.720000,0.000000	147.770000,-88.160000,0.000000
38.729	-29.370000,-64.750000,0.000000	-139.190000,-81.680000,0.000000	149.060000,-88.120000,0.000000
38.864	-29.500000,-64.650000,0.000000	-138.480000,-81.570000,0.000000	151.940000,-88.160000,0.000000
39.000	-29.470000,-64.690000,0.000000	-137.830000,-81.540000,0.000000	148.580000,-88.230000,0.000000
39.119	-29.610000,-64.620000,0.000000	-137.740000,-81.510000,0.000000	151.990000,-88.190000,0.000000
39.254	-29.530000,-64.580000,0.000000	-137.280000,-81.600000,0.000000	154.810000,-88.060000,0.000000
39.389	-29.790000,-64.670000,0.000000	-138.710000,-81.590000,0.000000	155.190000,-88.060000,0.000000
39.509	-29.640000,-64.830000,0.000000	-138.730000,-81.640000,0.000000	154.800000,-88.090000,0.000000
39.644	-29.770000,-64.870000,0.000000	-139.090000,-81.650000,0.000000	156.910000,-88.040000,0.000000
39.779	-29.890000,-64.860000,0.000000	-139.120000,-81.780000,0.000000	155.240000,-87.970000,0.000000
39.899	-29.700000,-64.870000,0.000000	-141.140000,-81.830000,0.000000	152.100000,-87.770000,0.000000
40.034	-29.260000,-64.750000,0.000000	-140.480000,-82.110000,0.000000	156.840000,-87.880000,0.000000
40.169	-29.780000,-64.670000,0.000000	-138.200000,-82.180000,0.000000	153.000000,-87.960000,0.000000
40.289	-30.230000,-64.460000,0.000000	-137.270000,-82.240000,0.000000	145.890000,-88.110000,0.000000
40.424	-29.990000,-64.500000,0.000000	-138.390000,-82.380000,0.000000	139.770000,-87.900000,0.000000
40.559	-30.420000,-64.100000,0.000000	-134.080000,-82.260000,0.000000	-93.750000,-87.960000,0.000000
40.679	-31.070000,-63.470000,0.000000	-127.840000,-82.540000,0.000000	-74.590000,-87.780000,0.000000
40.814	-32.020000,-62.550000,0.000000	-124.130000,-81.210000,0.000000	-75.330000,-85.710000,0.000000
40.949	-33.030000,-61.860000,0.000000	-123.020000,-80.200000,0.000000	-79.670000,-84.610000,0.000000
41.069	-33.310000,-61.460000,0.000000	-121.370000,-78.620000,0.000000	-79.620000,-82.470000,0.000000
41.204	-33.920000,-61.510000,0.000000	-118.260000,-77.060000,0.000000	-79.610000,-80.640000,0.000000
41.339	-35.210000,-61.440000,0.000000	-115.210000,-74.330000,0.000000	-79.920000,-78.450000,0.000000
41.459	-37.570000,-61.640000,0.000000	-112.230000,-70.450000,0.000000	-79.840000,-75.150000,0.000000
41.594	-39.490000,-61.850000,0.000000	-109.440000,-66.260000,0.000000	-80.390000,-71.530000,0.000000
41.729	-41.610000,-62.430000,0.000000	-109.780000,-64.020000,0.000000	-80.850000,-67.600000,0.000000
41.849	-44.300000,-62.750000,0.000000	-108.890000,-55.390000,0.000000	-81.900000,-63.380000,0.000000
41.984	-48.050000,-63.120000,0.000000	-106.050000,-49.340000,0.000000	-82.850000,-58.950000,0.000000
42.119	-50.870000,-63.460000,0.000000	-102.790000,-43.150000,0.000000	-84.210000,-54.270000,0.000000
42.239	-55.230000,-64.000000,0.000000	-100.330000,-36.650000,0.000000	-85.110000,-49.810000,0.000000
42.375	-59.550000,-64.260000,0.000000	-96.950000,-30.240000,0.000000	-85.580000,-44.950000,0.000000
42.509	-64.060000,-64.410000,0.000000	-93.880000,-24.300000,0.000000	-85.670000,-41.250000,0.000000
42.629	-66.620000,-64.460000,0.000000	-91.570000,-19.360000,0.000000	-85.560000,-37.340000,0.000000
42.764	-69.620000,-64.490000,0.000000	-89.480000,-15.380000,0.000000	-85.730000,-34.330000,0.000000
42.899	-71.510000,-65.160000,0.000000	-87.550000,-12.320000,0.000000	-85.880000,-31.740000,0.000000
43.019	-73.870000,-65.190000,0.000000	-86.400000,-9.310000,0.000000	-85.580000,-29.450000,0.000000
43.154	-75.440000,-65.400000,0.000000	-85.100000,-7.290000,0.000000	-85.840000,-27.770000,0.000000
43.289	-76.170000,-65.660000,0.000000	-84.370000,-5.550000,0.000000	-85.920000,-26.210000,0.000000
43.409	-77.360000,-65.170000,0.000000	-84.010000,-4.110000,0.000000	-85.780000,-25.500000,0.000000
43.545	-77.820000,-65.000000,0.000000	-83.700000,-3.560000,0.000000	-86.050000,-25.020000,0.000000
43.679	-78.450000,-64.940000,0.000000	-83.540000,-2.800000,0.000000	-86.120000,-24.420000,0.000000
43.799	-78.930000,-64.730000,0.000000	-83.970000,-2.630000,0.000000	-85.800000,-24.380000,0.000000
43.964	-79.280000,-65.090000,0.000000	-84.230000,-2.950000,0.000000	-85.670000,-24.780000,0.000000
44.069	-79.450000,-65.170000,0.000000	-84.330000,-3.140000,0.000000	-85.150000,-25.320000,0.000000
44.189	-78.730000,-65.140000,0.000000	-84.260000,-3.890000,0.000000	-84.690000,-26.160000,0.000000
44.324	-78.710000,-64.950000,0.000000	-84.850000,-4.310000,0.000000	-83.830000,-26.440000,0.000000
44.459	-78.480000,-64.610000,0.000000	-85.270000,-4.870000,0.000000	-83.060000,-26.900000,0.000000
44.579	-78.430000,-64.640000,0.000000	-85.710000,-5.540000,0.000000	-82.540000,-27.250000,0.000000
44.714	-77.180000,-64.670000,0.000000	-85.940000,-6.060000,0.000000	-82.290000,-27.610000,0.000000
44.849	-77.080000,-64.440000,0.000000	-86.350000,-7.060000,0.000000	-82.090000,-28.320000,0.000000
44.969	-76.490000,-64.850000,0.000000	-86.900000,-7.940000,0.000000	-82.690000,-29.000000,0.000000
45.104	-75.800000,-64.920000,0.000000	-87.180000,-8.920000,0.000000	-83.170000,-29.740000,0.000000
45.239	-74.860000,-64.980000,0.000000	-87.820000,-9.790000,0.000000	-83.260000,-30.360000,0.000000
45.360	-74.210000,-65.160000,0.000000	-88.340000,-10.480000,0.000000	-83.510000,-31.190000,0.000000
45.493	-73.610000,-65.000000,0.000000	-88.910000,-11.120000,0.000000	-83.570000,-31.750000,0.000000
45.629	-73.590000,-64.630000,0.000000	-89.490000,-11.880000,0.000000	-83.550000,-32.130000,0.000000
45.749	-73.580000,-64.670000,0.000000	-90.020000,-12.520000,0.000000	-83.410000,-32.350000,0.000000
45.884	-73.270000,-64.960000,0.000000	-90.760000,-13.200000,0.000000	-83.830000,-32.750000,0.000000
46.019	-73.170000,-64.710000,0.000000	-91.090000,-13.890000,0.000000	-83.440000,-33.350000,0.000000
46.154	-72.570000,-64.990000,0.000000	-91.250000,-15.050000,0.000000	-83.880000,-34.130000,0.000000
46.274	-72.290000,-65.040000,0.000000	-91.080000,-15.860000,0.000000	-84.070000,-34.700000,0.000000
46.408	-71.770000,-65.020000,0.000000	-91.290000,-16.300000,0.000000	-84.260000,-35.120000,0.000000
46.529	-71.550000,-65.150000,0.000000	-91.900000,-16.680000,0.000000	-84.250000,-35.580000,0.000000
46.664	-71.330000,-65.330000,0.000000	-92.380000,-17.190000,0.000000	-84.460000,-35.810000,0.000000
46.799	-71.520000,-65.270000,0.000000	-92.750000,-17.740000,0.000000	-84.510000,-36.100000,0.000000
46.919	-71.550000,-65.110000,0.000000	-92.030000,-17.830000,0.000000	-84.800000,-36.600000,0.000000
47.054	-71.250000,-65.120000,0.000000	-92.140000,-18.040000,0.000000	-84.600000,-36.760000,0.000000
47.189	-71.050000,-65.000000,0.000000	-92.130000,-18.490000,0.000000	-84.220000,-37.110000,0.000000
47.324	-71.440000,-64.620000,0.000000	-92.660000,-18.700000,0.000000	-84.070000,-37.420000,0.000000
47.444	-71.750000,-64.640000,0.000000	-92.740000,-18.820000,0.000000	-84.580000,-37.620000,0.000000
47.579	-72.490000,-64.560000,0.000000	-92.940000,-19.070000,0.000000	-84.550000,-37.970000,0.000000
47.699	-72.440000,-64.790000,0.000000	-92.870000,-19.200000,0.000000	-84.730000,-38.320000,0.000000
47.849	-72.610000,-65.050000,0.000000	-92.710000,-19.340000,0.000000	-84.660000,-38.360000,0.000000
47.969	-72.770000,-64.980000,0.000000	-92.490000,-19.310000,0.000000	-84.670000,-38.480000,0.000000
48.089	-73.110000,-64.960000,0.000000	-92.420000,-19.270000,0.000000	-84.650000,-38.420000,0.000000
48.223	-72.610000,-65.000000,0.000000	-92.420000,-19.290000,0.000000	-84.460000,-38.390000,0.000000
48.359	-73.180000,-64.940000,0.000000	-92.690000,-19.380000,0.000000	-84.830000,-38.400000,0.000000
48.479	-73.150000,-64.940000,0.000000	-92.700000,-19.450000,0.000000	-84.990000,-38.460000,0.000000
48.614	-73.140000,-64.800000,0.000000	-92.760000,-19.560000,0.000000	-85.250000,-38.080000,0.000000
48.749	-73.390000,-64.860000,0.000000	-92.860000,-19.830000,0.000000	-85.660000,-38.050000,0.000000
48.869	-73.550000,-64.860000,0.000000	-93.160000,-19.950000,0.000000	-85.970000,-37.950000,0.000000
49.004	-73.710000,-65.010000,0.000000	-93.560000,-20.150000,0.000000	-86.020000,-37.620000,0.000000
49.139	-74.040000,-65.100000,0.000000	-93.670000,-20.510000,0.000000	-85.620000,-36.970000,0.000000
49.259	-74.290000,-65.200000,0.000000	-93.900000,-20.960000,0.000000	-85.840000,-36.190000,0.000000
49.394	-74.420000,-65.180000,0.000000	-93.920000,-20.670000,0.000000	-85.730000,-35.340000,0.000000
49.529	-74.180000,-65.130000,0.000000	-93.870000,-20.830000,0.000000	-85.890000,-35.080000,0.000000
49.649	-74.650000,-64.580000,0.000000	-94.160000,-20.810000,0.000000	-85.350000,-34.560000,0.000000
49.784	-74.790000,-64.770000,0.000000	-94.260000,-21.070000,0.000000	-85.730000,-34.430000,0.000000
49.919	-74.990000,-64.590000,0.000000	-94.410000,-20.980000,0.000000	-85.510000,-33.660000,0.000000
50.039	-75.070000,-64.720000,0.000000	-94.440000,-20.990000,0.000000	-85.740000,-32.960000,0.000000
50.174	-75.070000,-64.530000,0.000000	-94.470000,-20.660000,0.000000	-85.780000,-32.640000,0.000000
50.309	-75.050000,-64.720000,0.000000	-94.260000,-20.720000,0.000000	-86.050000,-32.490000,0.000000
50.429	-75.230000,-64.870000,0.000000	-93.650000,-20.340000,0.000000	-86.070000,-32.410000,0.000000
50.564	-75.870000,-64.850000,0.000000	-93.450000,-20.040000,0.000000	-86.270000,-32.400000,0.000000
50.699	-76.350000,-64.920000,0.000000	-93.640000,-19.890000,0.000000	-86.420000,-32.510000,0.000000
50.819	-76.660000,-64.940000,0.000000	-93.540000,-19.860000,0.000000	-86.400000,-32.430000,0.000000
50.954	-76.290000,-64.940000,0.000000	-93.480000,-19.930000,0.000000	-86.390000,-32.480000,0.000000
51.089	-76.660000,-64.870000,0.000000	-93.420000,-19.960000,0.000000	-86.020000,-32.680000,0.000000
51.209	-76.550000,-64.930000,0.000000	-93.420000,-19.920000,0.000000	-86.060000,-32.750000,0.000000
51.344	-76.260000,-65.180000,0.000000	-93.270000,-19.980000,0.000000	-86.030000,-33.280000,0.000000
51.479	-76.030000,-65.660000,0.000000	-93.250000,-20.480000,0.000000	-86.220000,-33.490000,0.000000
51.599	-76.150000,-65.810000,0.000000	-93.180000,-20.420000,0.000000	-86.470000,-33.670000,0.000000
51.734	-75.890000,-65.970000,0.000000	-93.080000,-20.390000,0.000000	-86.370000,-33.730000,0.000000
51.869	-76.340000,-65.940000,0.000000	-92.970000,-20.380000,0.000000	-86.580000,-33.920000,0.000000
51.989	-76.450000,-65.760000,0.000000	-93.160000,-20.210000,0.000000	-86.680000,-34.270000,0.000000
52.124	-76.380000,-65.630000,0.000000	-93.190000,-20.190000,0.000000	-87.040000,-34.280000,0.000000
52.259	-76.110000,-65.710000,0.000000	-93.310000,-20.210000,0.000000	-87.310000,-34.680000,0.000000
52.379	-75.650000,-65.930000,0.000000	-93.160000,-20.660000,0.000000	-87.520000,-35.430000,0.000000
52.514	-75.610000,-65.820000,0.000000	-93.370000,-21.350000,0.000000	-87.500000,-36.820000,0.000000
52.649	-75.080000,-65.380000,0.000000	-93.450000,-21.760000,0.000000	-87.790000,-37.910000,0.000000
52.769	-74.700000,-65.430000,0.000000	-93.690000,-22.770000,0.000000	-88.340000,-40.220000,0.000000
52.919	-73.390000,-65.590000,0.000000	-93.500000,-24.570000,0.000000	-88.400000,-43.280000,0.000000
53.039	-72.200000,-65.630000,0.000000	-93.670000,-26.520000,0.000000	-88.430000,-46.320000,0.000000
53.159	-69.620000,-65.600000,0.000000	-93.190000,-29.330000,0.000000	-87.820000,-49.740000,0.000000
53.309	-66.870000,-65.240000,0.000000	-94.080000,-33.050000,0.000000	-86.960000,-53.300000,0.000000
53.429	-63.850000,-64.410000,0.000000	-94.390000,-36.630000,0.000000	-86.590000,-57.390000,0.000000
53.548	-59.890000,-63.700000,0.000000	-93.800000,-41.380000,0.000000	-84.100000,-61.660000,0.000000
53.684	-56.020000,-63.130000,0.000000	-93.780000,-46.370000,0.000000	-81.390000,-65.680000,0.000000
53.819	-52.310000,-62.020000,0.000000	-95.320000,-51.710000,0.000000	-82.390000,-69.790000,0.000000
53.939	-48.430000,-60.840000,0.000000	-95.040000,-57.090000,0.000000	-78.060000,-74.480000,0.000000
54.074	-43.870000,-60.220000,0.000000	-96.180000,-62.970000,0.000000	-79.650000,-75.450000,0.000000
54.209	-40.190000,-59.500000,0.000000	-99.610000,-67.560000,0.000000	-62.240000,-79.430000,0.000000
54.329	-35.020000,-59.610000,0.000000	-105.730000,-72.210000,0.000000	-67.060000,-82.270000,0.000000
54.464	-31.490000,-59.560000,0.000000	-114.220000,-75.840000,0.000000	-80.850000,-85.090000,0.000000
54.599	-28.320000,-59.330000,0.000000	-118.780000,-78.900000,0.000000	-86.400000,-87.070000,0.000000
54.719	-25.820000,-59.410000,0.000000	-124.560000,-81.410000,0.000000	-98.800000,-88.990000,0.000000
54.854	-23.860000,-59.460000,0.000000	-128.970000,-83.540000,0.000000	-101.330000,-90.060000,0.000000
54.989	-22.090000,-59.870000,0.000000	-131.970000,-85.150000,0.000000	-104.760000,-90.780000,0.000000
55.109	-20.870000,-60.040000,0.000000	-134.760000,-86.570000,0.000000	-107.380000,-91.580000,0.000000
55.244	-20.130000,-60.110000,0.000000	-138.200000,-87.710000,0.000000	-110.040000,-92.170000,0.000000
55.379	-19.770000,-60.250000,0.000000	-141.030000,-88.450000,0.000000	-112.730000,-92.560000,0.000000
55.499	-19.170000,-60.240000,0.000000	-143.580000,-88.960000,0.000000	-113.630000,-92.340000,0.000000
55.634	-19.190000,-60.110000,0.000000	-146.440000,-89.560000,0.000000	-117.520000,-92.450000,0.000000
55.769	-18.890000,-59.890000,0.000000	-148.790000,-89.950000,0.000000	-117.400000,-92.480000,0.000000
55.889	-19.290000,-59.870000,0.000000	-148.660000,-90.090000,0.000000	-116.020000,-92.350000,0.000000
56.024	-20.410000,-59.890000,0.000000	-147.010000,-89.870000,0.000000	-118.240000,-92.330000,0.000000
56.159	-20.220000,-60.080000,0.000000	-150.380000,-89.890000,0.000000	-118.380000,-91.980000,0.000000
56.279	-20.540000,-60.200000,0.000000	-151.280000,-89.800000,0.000000	-118.410000,-91.700000,0.000000
56.414	-20.970000,-60.230000,0.000000	-152.410000,-89.520000,0.000000	-118.410000,-91.300000,0.000000
56.549	-21.480000,-60.230000,0.000000	-153.610000,-89.110000,0.000000	-118.090000,-90.810000,0.000000
56.669	-22.250000,-60.090000,0.000000	-153.840000,-88.710000,0.000000	-118.440000,-90.350000,0.000000
56.804	-22.140000,-60.000000,0.000000	-155.670000,-88.310000,0.000000	-117.340000,-90.030000,0.000000
56.939	-22.000000,-59.940000,0.000000	-157.610000,-88.070000,0.000000	-119.100000,-89.720000,0.000000
57.059	-21.670000,-59.740000,0.000000	-159.330000,-87.860000,0.000000	-120.230000,-89.310000,0.000000
57.194	-21.740000,-59.580000,0.000000	-160.250000,-87.480000,0.000000	-118.880000,-88.960000,0.000000
57.329	-21.870000,-59.500000,0.000000	-161.390000,-87.020000,0.000000	-119.290000,-88.640000,0.000000
57.448	-22.130000,-59.340000,0.000000	-161.740000,-86.580000,0.000000	-118.250000,-88.160000,0.000000
57.584	-22.360000,-59.220000,0.000000	-161.480000,-86.240000,0.000000	-118.100000,-87.830000,0.000000
57.719	-22.570000,-59.050000,0.000000	-162.000000,-86.040000,0.000000	-119.030000,-87.510000,0.000000
57.839	-22.920000,-58.970000,0.000000	-162.450000,-85.680000,0.000000	-119.640000,-87.280000,0.000000
57.974	-23.150000,-58.960000,0.000000	-163.150000,-85.450000,0.000000	-120.830000,-87.270000,0.000000
58.109	-23.320000,-58.830000,0.000000	-161.880000,-85.310000,0.000000	-118.870000,-86.970000,0.000000
58.229	-23.670000,-58.720000,0.000000	-160.680000,-84.990000,0.000000	-116.680000,-86.730000,0.000000
58.364	-24.090000,-58.620000,0.000000	-159.820000,-84.740000,0.000000	-114.920000,-86.600000,0.000000
58.498	-24.400000,-58.480000,0.000000	-158.570000,-84.630000,0.000000	-113.470000,-86.450000,0.000000
58.619	-24.600000,-58.370000,0.000000	-158.620000,-84.610000,0.000000	-110.630000,-86.370000,0.000000
58.754	-24.790000,-58.500000,0.000000	-159.490000,-84.510000,0.000000	-109.260000,-86.380000,0.000000
58.889	-25.230000,-58.440000,0.000000	-157.500000,-84.260000,0.000000	-107.420000,-86.020000,0.000000
59.009	-25.900000,-58.390000,0.000000	-153.750000,-84.300000,0.000000	-104.290000,-85.820000,0.000000
59.144	-25.790000,-58.370000,0.000000	-153.310000,-84.350000,0.000000	-101.900000,-86.040000,0.000000
59.279	-25.780000,-58.400000,0.000000	-153.130000,-83.940000,0.000000	-103.110000,-85.910000,0.000000
59.399	-26.370000,-58.200000,0.000000	-150.150000,-83.540000,0.000000	-102.600000,-85.490000,0.000000
59.533	-26.310000,-58.090000,0.000000	-150.050000,-83.510000,0.000000	-101.410000,-85.400000,0.000000
59.669	-25.880000,-58.020000,0.000000	-151.520000,-83.530000,0.000000	-101.130000,-85.460000,0.000000
59.789	-25.750000,-58.190000,0.000000	-152.330000,-83.700000,0.000000	-100.210000,-85.540000,0.000000
