time	pelvis_imu	femur_r_imu	tibia_r_imu	femur_l_imu	tibia_l_imu
0.00000	12.280000,-82.210000,0.000000	91.640000,9.120000,0.000000	90.480000,-13.270000,0.000000	91.640000,9.120000,0.000000	90.480000,-13.270000,0.000000
0.04352	12.850000,-82.070000,0.000000	91.620000,9.050000,0.000000	90.500000,-13.400000,0.000000	91.640000,9.120000,0.000000	90.480000,-13.270000,0.000000
0.08878	12.780000,-82.080000,0.000000	91.650000,9.040000,0.000000	90.560000,-13.200000,0.000000	91.640000,9.120000,0.000000	90.480000,-13.270000,0.000000
0.13064	12.960000,-82.010000,0.000000	91.700000,9.160000,0.000000	90.560000,-13.160000,0.000000	91.640000,9.120000,0.000000	90.480000,-13.270000,0.000000
0.17964	14.260000,-81.820000,0.000000	91.700000,9.330000,0.000000	90.630000,-13.130000,0.000000	91.640000,9.120000,0.000000	90.480000,-13.270000,0.000000
0.22395	14.520000,-81.630000,0.000000	91.780000,9.210000,0.000000	90.770000,-13.180000,0.000000	91.640000,9.120000,0.000000	90.480000,-13.270000,0.000000
0.26503	14.030000,-81.460000,0.000000	91.790000,9.100000,0.000000	90.870000,-13.300000,0.000000	91.640000,9.120000,0.000000	90.480000,-13.270000,0.000000
0.31464	14.550000,-81.570000,0.000000	91.830000,8.940000,0.000000	90.940000,-13.360000,0.000000	91.640000,9.120000,0.000000	90.480000,-13.270000,0.000000
0.35945	14.650000,-81.480000,0.000000	91.910000,8.950000,0.000000	91.080000,-13.300000,0.000000	91.640000,9.120000,0.000000	90.480000,-13.270000,0.000000
0.39765	13.980000,-81.630000,0.000000	92.020000,8.930000,0.000000	91.170000,-13.310000,0.000000	91.640000,9.120000,0.000000	90.480000,-13.270000,0.000000
0.44856	16.210000,-81.460000,0.000000	92.060000,9.130000,0.000000	91.200000,-13.150000,0.000000	91.640000,9.120000,0.000000	90.480000,-13.270000,0.000000
0.49400	17.820000,-81.340000,0.000000	91.940000,9.610000,0.000000	91.160000,-12.740000,0.000000	91.640000,9.120000,0.000000	90.480000,-13.270000,0.000000
0.53225	19.900000,-81.110000,0.000000	92.020000,9.900000,0.000000	91.240000,-12.500000,0.000000	91.640000,9.120000,0.000000	90.480000,-13.270000,0.000000
0.58505	19.230000,-81.210000,0.000000	92.030000,9.960000,0.000000	91.220000,-12.490000,0.000000	91.640000,9.120000,0.000000	90.480000,-13.270000,0.000000
0.62884	20.480000,-81.250000,0.000000	91.950000,10.020000,0.000000	91.210000,-12.500000,0.000000	91.640000,9.120000,0.000000	90.480000,-13.270000,0.000000
0.67207	19.850000,-81.440000,0.000000	91.840000,9.990000,0.000000	91.000000,-12.470000,0.000000	91.640000,9.120000,0.000000	90.480000,-13.270000,0.000000
0.71364	17.130000,-81.400000,0.000000	91.810000,9.740000,0.000000	91.000000,-12.780000,0.000000	91.640000,9.120000,0.000000	90.480000,-13.270000,0.000000
0.76454	15.730000,-81.390000,0.000000	91.740000,9.520000,0.000000	90.940000,-12.970000,0.000000	91.640000,9.120000,0.000000	90.480000,-13.270000,0.000000
0.80546	13.840000,-81.460000,0.000000	91.710000,9.260000,0.000000	90.840000,-12.990000,0.000000	91.640000,9.120000,0.000000	90.480000,-13.270000,0.000000
0.84611	13.000000,-81.530000,0.000000	91.670000,9.180000,0.000000	90.900000,-13.170000,0.000000	91.640000,9.120000,0.000000	90.480000,-13.270000,0.000000
0.89468	13.100000,-81.430000,0.000000	91.720000,9.120000,0.000000	90.970000,-13.370000,0.000000	91.640000,9.120000,0.000000	90.480000,-13.270000,0.000000
0.94398	12.510000,-81.310000,0.000000	91.710000,9.060000,0.000000	90.850000,-13.350000,0.000000	91.640000,9.120000,0.000000	90.480000,-13.270000,0.000000
0.97762	12.550000,-81.290000,0.000000	91.690000,9.290000,0.000000	91.050000,-13.160000,0.000000	91.640000,9.120000,0.000000	90.480000,-13.270000,0.000000
1.03498	13.490000,-81.290000,0.000000	91.670000,9.400000,0.000000	90.940000,-13.030000,0.000000	91.640000,9.120000,0.000000	90.480000,-13.270000,0.000000
1.08037	12.950000,-81.460000,0.000000	91.580000,9.160000,0.000000	90.750000,-13.130000,0.000000	91.640000,9.120000,0.000000	90.480000,-13.270000,0.000000
1.12412	10.770000,-81.640000,0.000000	91.570000,8.780000,0.000000	90.810000,-13.610000,0.000000	91.640000,9.120000,0.000000	90.480000,-13.270000,0.000000
1.16470	11.730000,-81.660000,0.000000	91.640000,8.520000,0.000000	90.840000,-13.790000,0.000000	91.640000,9.120000,0.000000	90.480000,-13.270000,0.000000
1.21079	11.290000,-81.680000,0.000000	91.650000,8.380000,0.000000	90.800000,-13.770000,0.000000	91.640000,9.120000,0.000000	90.480000,-13.270000,0.000000
1.25156	12.070000,-81.710000,0.000000	91.670000,8.560000,0.000000	90.830000,-13.650000,0.000000	91.640000,9.120000,0.000000	90.480000,-13.270000,0.000000
1.29645	13.830000,-81.650000,0.000000	91.670000,8.840000,0.000000	90.850000,-13.470000,0.000000	91.640000,9.120000,0.000000	90.480000,-13.270000,0.000000
1.39327	15.030000,-81.610000,0.000000	91.570000,9.080000,0.000000	90.860000,-13.330000,0.000000	91.640000,9.120000,0.000000	90.480000,-13.270000,0.000000
1.39811	15.510000,-81.550000,0.000000	91.450000,9.170000,0.000000	90.920000,-13.300000,0.000000	91.640000,9.120000,0.000000	90.480000,-13.270000,0.000000
1.44734	15.660000,-81.590000,0.000000	91.360000,9.260000,0.000000	90.940000,-13.320000,0.000000	91.640000,9.120000,0.000000	90.480000,-13.270000,0.000000
1.51268	15.920000,-81.570000,0.000000	91.330000,9.260000,0.000000	90.860000,-13.360000,0.000000	91.640000,9.120000,0.000000	90.480000,-13.270000,0.000000
1.57348	15.870000,-81.520000,0.000000	91.340000,9.110000,0.000000	90.860000,-13.540000,0.000000	91.640000,9.120000,0.000000	90.480000,-13.270000,0.000000
1.57616	15.210000,-81.410000,0.000000	91.370000,8.930000,0.000000	90.870000,-13.760000,0.000000	91.640000,9.120000,0.000000	90.480000,-13.270000,0.000000
1.63145	14.760000,-81.440000,0.000000	91.410000,8.880000,0.000000	90.880000,-13.830000,0.000000	91.640000,9.120000,0.000000	90.480000,-13.270000,0.000000
1.69232	14.890000,-81.500000,0.000000	91.410000,8.920000,0.000000	90.890000,-13.750000,0.000000	91.640000,9.120000,0.000000	90.480000,-13.270000,0.000000
1.74742	14.800000,-81.560000,0.000000	91.360000,8.970000,0.000000	90.830000,-13.670000,0.000000	91.640000,9.120000,0.000000	90.480000,-13.270000,0.000000
1.75792	14.940000,-81.600000,0.000000	91.340000,9.070000,0.000000	90.790000,-13.600000,0.000000	91.640000,9.120000,0.000000	90.480000,-13.270000,0.000000
1.81248	15.300000,-81.660000,0.000000	91.370000,9.080000,0.000000	90.820000,-13.540000,0.000000	91.640000,9.120000,0.000000	90.480000,-13.270000,0.000000
1.86602	15.660000,-81.590000,0.000000	91.350000,9.160000,0.000000	90.840000,-13.530000,0.000000	91.640000,9.120000,0.000000	90.480000,-13.270000,0.000000
1.93115	16.050000,-81.520000,0.000000	91.400000,9.300000,0.000000	90.790000,-13.390000,0.000000	91.640000,9.120000,0.000000	90.480000,-13.270000,0.000000
1.93749	16.280000,-81.580000,0.000000	91.400000,9.440000,0.000000	90.810000,-13.360000,0.000000	91.640000,9.120000,0.000000	90.480000,-13.270000,0.000000
1.99701	15.850000,-81.490000,0.000000	91.400000,9.400000,0.000000	90.790000,-13.430000,0.000000	91.640000,9.120000,0.000000	90.480000,-13.270000,0.000000
2.05311	14.330000,-81.460000,0.000000	91.410000,9.340000,0.000000	90.680000,-13.490000,0.000000	91.640000,9.120000,0.000000	90.480000,-13.270000,0.000000
2.11469	12.890000,-81.510000,0.000000	91.380000,9.290000,0.000000	90.590000,-13.350000,0.000000	91.640000,9.120000,0.000000	90.480000,-13.270000,0.000000
2.11686	12.320000,-81.520000,0.000000	91.360000,9.370000,0.000000	90.510000,-13.190000,0.000000	91.640000,9.120000,0.000000	90.480000,-13.270000,0.000000
2.16723	12.300000,-81.580000,0.000000	91.350000,9.580000,0.000000	90.530000,-13.040000,0.000000	91.640000,9.120000,0.000000	90.480000,-13.270000,0.000000
2.23356	12.790000,-81.560000,0.000000	91.400000,9.690000,0.000000	90.500000,-13.030000,0.000000	91.640000,9.120000,0.000000	90.480000,-13.270000,0.000000
2.29672	14.260000,-81.510000,0.000000	91.460000,9.840000,0.000000	90.580000,-12.870000,0.000000	91.640000,9.120000,0.000000	90.480000,-13.270000,0.000000
2.29845	15.440000,-81.590000,0.000000	91.560000,9.910000,0.000000	90.750000,-12.780000,0.000000	91.640000,9.120000,0.000000	90.480000,-13.270000,0.000000
2.34799	15.470000,-81.580000,0.000000	91.610000,9.870000,0.000000	90.780000,-12.830000,0.000000	91.640000,9.120000,0.000000	90.480000,-13.270000,0.000000
2.41403	15.270000,-81.520000,0.000000	91.680000,9.880000,0.000000	90.840000,-12.830000,0.000000	91.640000,9.120000,0.000000	90.480000,-13.270000,0.000000
2.46423	15.870000,-81.480000,0.000000	91.790000,9.980000,0.000000	91.000000,-12.660000,0.000000	91.640000,9.120000,0.000000	90.480000,-13.270000,0.000000
2.47975	16.950000,-81.450000,0.000000	91.890000,10.170000,0.000000	91.080000,-12.490000,0.000000	91.640000,9.120000,0.000000	90.480000,-13.270000,0.000000
2.53036	18.050000,-81.400000,0.000000	91.950000,10.240000,0.000000	91.170000,-12.530000,0.000000	91.640000,9.120000,0.000000	90.480000,-13.270000,0.000000
2.59356	18.240000,-81.350000,0.000000	92.100000,10.220000,0.000000	91.250000,-12.510000,0.000000	91.640000,9.120000,0.000000	90.480000,-13.270000,0.000000
2.64866	18.580000,-81.320000,0.000000	92.170000,10.210000,0.000000	91.350000,-12.490000,0.000000	91.640000,9.120000,0.000000	90.480000,-13.270000,0.000000
2.65669	19.250000,-81.520000,0.000000	92.250000,10.170000,0.000000	91.400000,-12.530000,0.000000	91.640000,9.120000,0.000000	90.480000,-13.270000,0.000000
2.71066	18.480000,-81.410000,0.000000	92.300000,10.080000,0.000000	91.490000,-12.700000,0.000000	91.640000,9.120000,0.000000	90.480000,-13.270000,0.000000
2.76436	17.570000,-81.280000,0.000000	92.240000,10.140000,0.000000	91.480000,-12.560000,0.000000	91.640000,9.120000,0.000000	90.480000,-13.270000,0.000000
2.82941	18.710000,-81.470000,0.000000	92.230000,10.300000,0.000000	91.380000,-12.260000,0.000000	91.640000,9.120000,0.000000	90.480000,-13.270000,0.000000
2.83735	18.220000,-81.450000,0.000000	92.310000,10.240000,0.000000	91.520000,-12.420000,0.000000	91.640000,9.120000,0.000000	90.480000,-13.270000,0.000000
2.89368	17.410000,-81.330000,0.000000	92.280000,10.280000,0.000000	91.490000,-12.280000,0.000000	91.640000,9.120000,0.000000	90.480000,-13.270000,0.000000
2.94983	18.380000,-81.530000,0.000000	92.280000,10.210000,0.000000	91.390000,-12.200000,0.000000	91.640000,9.120000,0.000000	90.480000,-13.270000,0.000000
3.01344	17.360000,-81.450000,0.000000	92.290000,10.150000,0.000000	91.580000,-12.370000,0.000000	91.640000,9.120000,0.000000	90.480000,-13.270000,0.000000
3.01571	17.940000,-81.270000,0.000000	92.270000,10.300000,0.000000	91.590000,-12.230000,0.000000	91.640000,9.120000,0.000000	90.480000,-13.270000,0.000000
3.06324	18.200000,-81.490000,0.000000	92.210000,10.450000,0.000000	91.500000,-12.020000,0.000000	91.640000,9.120000,0.000000	90.480000,-13.270000,0.000000
3.13136	18.240000,-81.480000,0.000000	92.280000,10.300000,0.000000	91.470000,-12.260000,0.000000	91.640000,9.120000,0.000000	90.480000,-13.270000,0.000000
3.19797	17.550000,-80.970000,0.000000	92.330000,10.050000,0.000000	91.570000,-12.520000,0.000000	91.640000,9.120000,0.000000	90.480000,-13.270000,0.000000
3.20038	18.390000,-81.110000,0.000000	92.270000,10.380000,0.000000	91.500000,-12.330000,0.000000	91.640000,9.120000,0.000000	90.480000,-13.270000,0.000000
3.25378	18.290000,-81.310000,0.000000	92.310000,10.520000,0.000000	91.360000,-11.990000,0.000000	91.640000,9.120000,0.000000	90.480000,-13.270000,0.000000
3.31278	17.840000,-81.350000,0.000000	92.380000,10.570000,0.000000	91.370000,-11.920000,0.000000	91.640000,9.120000,0.000000	90.480000,-13.270000,0.000000
3.37551	18.320000,-81.270000,0.000000	92.530000,10.440000,0.000000	91.380000,-12.030000,0.000000	91.640000,9.120000,0.000000	90.480000,-13.270000,0.000000
3.37798	17.550000,-81.360000,0.000000	92.540000,10.360000,0.000000	91.410000,-12.250000,0.000000	91.640000,9.120000,0.000000	90.480000,-13.270000,0.000000
3.43411	17.780000,-81.270000,0.000000	92.560000,10.370000,0.000000	91.420000,-12.070000,0.000000	91.640000,9.120000,0.000000	90.480000,-13.270000,0.000000
3.49545	17.900000,-81.310000,0.000000	92.610000,10.220000,0.000000	91.390000,-11.990000,0.000000	91.640000,9.120000,0.000000	90.480000,-13.270000,0.000000
3.55446	19.070000,-81.160000,0.000000	92.770000,9.900000,0.000000	91.490000,-12.090000,0.000000	91.640000,9.120000,0.000000	90.480000,-13.270000,0.000000
3.55696	15.430000,-81.020000,0.000000	92.770000,9.300000,0.000000	91.410000,-12.590000,0.000000	91.640000,9.120000,0.000000	90.480000,-13.270000,0.000000
3.61247	17.510000,-80.930000,0.000000	92.740000,9.160000,0.000000	91.640000,-12.900000,0.000000	91.640000,9.120000,0.000000	90.480000,-13.270000,0.000000
3.67566	18.880000,-80.720000,0.000000	92.790000,9.190000,0.000000	91.660000,-12.660000,0.000000	91.640000,9.120000,0.000000	90.480000,-13.270000,0.000000
3.73207	18.950000,-80.730000,0.000000	92.660000,9.160000,0.000000	91.360000,-12.420000,0.000000	91.640000,9.120000,0.000000	90.480000,-13.270000,0.000000
3.79595	17.580000,-80.660000,0.000000	92.660000,8.780000,0.000000	91.370000,-12.640000,0.000000	91.640000,9.120000,0.000000	90.480000,-13.270000,0.000000
3.79903	17.410000,-80.340000,0.000000	92.660000,8.360000,0.000000	91.460000,-13.240000,0.000000	91.640000,9.120000,0.000000	90.480000,-13.270000,0.000000
3.85407	17.640000,-80.360000,0.000000	92.620000,8.370000,0.000000	91.640000,-13.290000,0.000000	91.640000,9.120000,0.000000	90.480000,-13.270000,0.000000
3.91250	17.330000,-80.480000,0.000000	92.810000,8.460000,0.000000	91.530000,-12.890000,0.000000	91.640000,9.120000,0.000000	90.480000,-13.270000,0.000000
3.91638	16.320000,-80.560000,0.000000	92.740000,8.480000,0.000000	91.350000,-12.600000,0.000000	91.640000,9.120000,0.000000	90.480000,-13.270000,0.000000
3.96374	16.280000,-80.280000,0.000000	92.710000,8.480000,0.000000	91.360000,-12.780000,0.000000	91.640000,9.120000,0.000000	90.480000,-13.270000,0.000000
4.03210	16.220000,-79.970000,0.000000	92.670000,8.380000,0.000000	91.460000,-13.060000,0.000000	91.640000,9.120000,0.000000	90.480000,-13.270000,0.000000
4.10973	16.470000,-79.760000,0.000000	92.590000,8.530000,0.000000	91.440000,-13.130000,0.000000	91.640000,9.120000,0.000000	90.480000,-13.270000,0.000000
4.11354	15.530000,-79.770000,0.000000	92.570000,8.560000,0.000000	91.260000,-12.910000,0.000000	91.640000,9.120000,0.000000	90.480000,-13.270000,0.000000
4.14887	14.450000,-79.720000,0.000000	92.530000,8.760000,0.000000	91.240000,-12.750000,0.000000	91.640000,9.120000,0.000000	90.480000,-13.270000,0.000000
4.21036	15.350000,-79.780000,0.000000	92.450000,8.950000,0.000000	91.210000,-12.690000,0.000000	91.640000,9.120000,0.000000	90.480000,-13.270000,0.000000
4.26394	15.470000,-79.710000,0.000000	92.440000,8.910000,0.000000	91.140000,-12.680000,0.000000	91.640000,9.120000,0.000000	90.480000,-13.270000,0.000000
4.27721	14.660000,-79.860000,0.000000	92.460000,8.670000,0.000000	91.110000,-12.760000,0.000000	91.640000,9.120000,0.000000	90.480000,-13.270000,0.000000
4.33430	14.350000,-79.960000,0.000000	92.440000,8.510000,0.000000	91.090000,-13.070000,0.000000	91.640000,9.120000,0.000000	90.480000,-13.270000,0.000000
4.39412	13.940000,-79.630000,0.000000	92.410000,8.210000,0.000000	91.110000,-13.370000,0.000000	91.640000,9.120000,0.000000	90.480000,-13.270000,0.000000
4.45330	13.680000,-79.630000,0.000000	92.370000,8.320000,0.000000	91.200000,-13.300000,0.000000	91.640000,9.120000,0.000000	90.480000,-13.270000,0.000000
4.45604	13.760000,-79.700000,0.000000	92.300000,8.420000,0.000000	90.980000,-13.040000,0.000000	91.640000,9.120000,0.000000	90.480000,-13.270000,0.000000
4.51095	13.440000,-79.690000,0.000000	92.240000,8.450000,0.000000	90.930000,-12.840000,0.000000	91.640000,9.120000,0.000000	90.480000,-13.270000,0.000000
4.56359	13.390000,-79.720000,0.000000	92.300000,8.320000,0.000000	91.050000,-13.000000,0.000000	91.640000,9.120000,0.000000	90.480000,-13.270000,0.000000
4.63420	13.920000,-79.580000,0.000000	92.430000,8.080000,0.000000	91.190000,-13.390000,0.000000	91.640000,9.120000,0.000000	90.480000,-13.270000,0.000000
4.63739	13.700000,-79.450000,0.000000	92.610000,7.780000,0.000000	91.430000,-13.630000,0.000000	91.640000,9.120000,0.000000	90.480000,-13.270000,0.000000
4.69304	14.770000,-79.360000,0.000000	92.710000,7.720000,0.000000	91.590000,-13.940000,0.000000	91.640000,9.120000,0.000000	90.480000,-13.270000,0.000000
4.74798	16.750000,-79.130000,0.000000	92.940000,7.540000,0.000000	91.700000,-14.400000,0.000000	91.640000,9.120000,0.000000	90.480000,-13.270000,0.000000
4.81395	17.510000,-78.750000,0.000000	93.220000,6.920000,0.000000	91.620000,-14.700000,0.000000	91.640000,9.120000,0.000000	90.480000,-13.270000,0.000000
4.81749	15.420000,-78.360000,0.000000	93.510000,5.830000,0.000000	91.800000,-15.030000,0.000000	91.640000,9.120000,0.000000	90.480000,-13.270000,0.000000
4.86584	14.670000,-77.910000,0.000000	93.610000,4.880000,0.000000	92.110000,-15.330000,0.000000	91.640000,9.120000,0.000000	90.480000,-13.270000,0.000000
4.93159	14.690000,-77.760000,0.000000	93.640000,3.680000,0.000000	92.200000,-14.060000,0.000000	91.640000,9.120000,0.000000	90.480000,-13.270000,0.000000
4.98132	12.970000,-77.840000,0.000000	93.150000,1.940000,0.000000	91.920000,-12.980000,0.000000	91.640000,9.120000,0.000000	90.480000,-13.270000,0.000000
4.99880	11.970000,-77.890000,0.000000	93.090000,0.130000,0.000000	90.870000,-12.870000,0.000000	91.640000,9.120000,0.000000	90.480000,-13.270000,0.000000
5.04840	10.540000,-77.930000,0.000000	93.010000,-2.110000,0.000000	90.460000,-11.780000,0.000000	91.640000,9.120000,0.000000	90.480000,-13.270000,0.000000
5.11336	9.350000,-77.760000,0.000000	93.160000,-4.200000,0.000000	90.170000,-10.220000,0.000000	91.640000,9.120000,0.000000	90.480000,-13.270000,0.000000
5.16571	8.090000,-77.650000,0.000000	93.430000,-6.670000,0.000000	89.580000,-8.030000,0.000000	91.640000,9.120000,0.000000	90.480000,-13.270000,0.000000
5.17798	7.730000,-77.710000,0.000000	93.550000,-9.160000,0.000000	89.020000,-5.880000,0.000000	91.640000,9.120000,0.000000	90.480000,-13.270000,0.000000
5.22998	8.770000,-77.970000,0.000000	93.560000,-11.960000,0.000000	88.410000,-3.180000,0.000000	91.640000,9.120000,0.000000	90.480000,-13.270000,0.000000
5.29759	6.300000,-78.360000,0.000000	93.280000,-15.060000,0.000000	87.940000,-0.290000,0.000000	91.640000,9.120000,0.000000	90.480000,-13.270000,0.000000
5.35095	5.300000,-78.470000,0.000000	93.160000,-18.570000,0.000000	86.180000,1.900000,0.000000	91.640000,9.120000,0.000000	90.480000,-13.270000,0.000000
5.35679	6.090000,-78.620000,0.000000	92.630000,-21.850000,0.000000	85.830000,4.090000,0.000000	91.640000,9.120000,0.000000	90.480000,-13.270000,0.000000
5.41478	4.080000,-78.850000,0.000000	91.860000,-25.470000,0.000000	85.480000,5.300000,0.000000	91.640000,9.120000,0.000000	90.480000,-13.270000,0.000000
5.46466	2.130000,-79.170000,0.000000	90.930000,-29.250000,0.000000	85.240000,6.440000,0.000000	91.640000,9.120000,0.000000	90.480000,-13.270000,0.000000
5.53514	-0.180000,-79.450000,0.000000	89.910000,-33.080000,0.000000	85.150000,7.310000,0.000000	91.640000,9.120000,0.000000	90.480000,-13.270000,0.000000
5.53857	-3.430000,-79.690000,0.000000	88.890000,-37.220000,0.000000	85.210000,8.230000,0.000000	91.640000,9.120000,0.000000	90.480000,-13.270000,0.000000
5.59367	-5.230000,-80.080000,0.000000	87.740000,-41.370000,0.000000	85.550000,8.770000,0.000000	91.640000,9.120000,0.000000	90.480000,-13.270000,0.000000
5.64731	-10.010000,-79.410000,0.000000	87.230000,-45.260000,0.000000	85.870000,9.360000,0.000000	91.640000,9.120000,0.000000	90.480000,-13.270000,0.000000
5.71392	-2.970000,-80.130000,0.000000	85.670000,-48.480000,0.000000	86.180000,9.890000,0.000000	91.640000,9.120000,0.000000	90.480000,-13.270000,0.000000
5.71720	-9.420000,-80.700000,0.000000	83.440000,-52.040000,0.000000	86.030000,10.410000,0.000000	91.640000,9.120000,0.000000	90.480000,-13.270000,0.000000
5.77590	-12.420000,-81.120000,0.000000	80.490000,-55.340000,0.000000	86.100000,10.590000,0.000000	91.640000,9.120000,0.000000	90.480000,-13.270000,0.000000
5.83006	-16.930000,-81.460000,0.000000	77.110000,-58.590000,0.000000	86.220000,10.230000,0.000000	91.640000,9.120000,0.000000	90.480000,-13.270000,0.000000
5.89649	-20.610000,-81.920000,0.000000	74.510000,-61.810000,0.000000	86.040000,10.210000,0.000000	91.640000,9.120000,0.000000	90.480000,-13.270000,0.000000
5.89895	-25.780000,-82.320000,0.000000	72.980000,-64.820000,0.000000	86.160000,10.270000,0.000000	91.640000,9.120000,0.000000	90.480000,-13.270000,0.000000
5.94599	-28.380000,-82.580000,0.000000	71.880000,-67.220000,0.000000	86.220000,10.100000,0.000000	91.640000,9.120000,0.000000	90.480000,-13.270000,0.000000
6.01521	-31.460000,-82.850000,0.000000	71.440000,-69.400000,0.000000	86.290000,9.990000,0.000000	91.640000,9.120000,0.000000	90.480000,-13.270000,0.000000
6.06432	-34.960000,-83.040000,0.000000	71.580000,-71.250000,0.000000	86.400000,10.700000,0.000000	91.640000,9.120000,0.000000	90.480000,-13.270000,0.000000
6.07953	-35.180000,-83.360000,0.000000	71.180000,-72.210000,0.000000	86.410000,11.330000,0.000000	91.640000,9.120000,0.000000	90.480000,-13.270000,0.000000
6.13173	-36.180000,-83.460000,0.000000	71.400000,-73.130000,0.000000	86.040000,11.680000,0.000000	91.640000,9.120000,0.000000	90.480000,-13.270000,0.000000
6.19536	-35.480000,-83.650000,0.000000	71.870000,-74.050000,0.000000	86.320000,11.720000,0.000000	91.640000,9.120000,0.000000	90.480000,-13.270000,0.000000
6.24835	-38.270000,-83.470000,0.000000	72.610000,-74.590000,0.000000	86.200000,12.770000,0.000000	91.640000,9.120000,0.000000	90.480000,-13.270000,0.000000
6.25989	-33.790000,-83.570000,0.000000	73.340000,-73.950000,0.000000	86.180000,13.380000,0.000000	91.640000,9.120000,0.000000	90.480000,-13.270000,0.000000
6.31172	-32.200000,-83.920000,0.000000	74.430000,-73.480000,0.000000	86.150000,14.380000,0.000000	91.640000,9.120000,0.000000	90.480000,-13.270000,0.000000
6.37595	-31.910000,-83.740000,0.000000	74.960000,-73.010000,0.000000	85.700000,15.640000,0.000000	91.640000,9.120000,0.000000	90.480000,-13.270000,0.000000
6.43199	-31.890000,-83.900000,0.000000	76.700000,-71.910000,0.000000	85.680000,16.390000,0.000000	91.640000,9.120000,0.000000	90.480000,-13.270000,0.000000
6.43720	-31.380000,-83.830000,0.000000	77.880000,-70.240000,0.000000	85.230000,17.940000,0.000000	91.640000,9.120000,0.000000	90.480000,-13.270000,0.000000
6.49440	-29.570000,-83.910000,0.000000	79.380000,-68.240000,0.000000	85.840000,18.070000,0.000000	91.640000,9.120000,0.000000	90.480000,-13.270000,0.000000
6.55139	-26.900000,-83.470000,0.000000	80.670000,-65.760000,0.000000	85.810000,18.060000,0.000000	91.640000,9.120000,0.000000	90.480000,-13.270000,0.000000
6.61130	-25.250000,-83.420000,0.000000	81.870000,-63.450000,0.000000	85.350000,18.680000,0.000000	91.640000,9.120000,0.000000	90.480000,-13.270000,0.000000
6.61647	-24.250000,-83.000000,0.000000	82.270000,-60.700000,0.000000	85.190000,17.500000,0.000000	91.640000,9.120000,0.000000	90.480000,-13.270000,0.000000
6.67360	-21.330000,-82.740000,0.000000	83.320000,-57.800000,0.000000	84.670000,17.210000,0.000000	91.640000,9.120000,0.000000	90.480000,-13.270000,0.000000
6.72876	-20.370000,-82.410000,0.000000	84.130000,-54.700000,0.000000	84.690000,15.610000,0.000000	91.640000,9.120000,0.000000	90.480000,-13.270000,0.000000
6.79472	-17.750000,-81.940000,0.000000	84.530000,-51.470000,0.000000	83.810000,14.300000,0.000000	91.640000,9.120000,0.000000	90.480000,-13.270000,0.000000
6.79841	-17.490000,-81.420000,0.000000	84.920000,-48.160000,0.000000	84.560000,12.280000,0.000000	91.640000,9.120000,0.000000	90.480000,-13.270000,0.000000
6.84635	-15.160000,-80.980000,0.000000	85.110000,-44.570000,0.000000	84.170000,11.760000,0.000000	91.640000,9.120000,0.000000	90.480000,-13.270000,0.000000
6.91295	-15.950000,-80.720000,0.000000	85.580000,-40.870000,0.000000	85.280000,10.830000,0.000000	91.640000,9.120000,0.000000	90.480000,-13.270000,0.000000
6.96389	-13.550000,-80.590000,0.000000	86.210000,-37.530000,0.000000	85.110000,9.340000,0.000000	91.640000,9.120000,0.000000	90.480000,-13.270000,0.000000
6.97962	-10.950000,-80.300000,0.000000	86.690000,-34.480000,0.000000	84.600000,7.040000,0.000000	91.640000,9.120000,0.000000	90.480000,-13.270000,0.000000
7.03150	-9.810000,-80.020000,0.000000	87.060000,-31.420000,0.000000	85.070000,5.400000,0.000000	91.640000,9.120000,0.000000	90.480000,-13.270000,0.000000
7.09439	-8.920000,-79.900000,0.000000	87.790000,-28.120000,0.000000	85.160000,4.330000,0.000000	91.640000,9.120000,0.000000	90.480000,-13.270000,0.000000
7.15297	-6.770000,-79.680000,0.000000	88.300000,-24.980000,0.000000	85.000000,3.180000,0.000000	91.640000,9.120000,0.000000	90.480000,-13.270000,0.000000
7.15721	-4.260000,-79.580000,0.000000	88.930000,-21.810000,0.000000	85.210000,2.610000,0.000000	91.640000,9.120000,0.000000	90.480000,-13.270000,0.000000
7.21441	-2.300000,-79.410000,0.000000	89.400000,-18.950000,0.000000	85.120000,1.520000,0.000000	91.640000,9.120000,0.000000	90.480000,-13.270000,0.000000
7.26622	-1.000000,-79.230000,0.000000	89.880000,-16.430000,0.000000	85.220000,0.620000,0.000000	91.640000,9.120000,0.000000	90.480000,-13.270000,0.000000
7.33192	0.020000,-79.050000,0.000000	90.480000,-14.160000,0.000000	85.470000,-0.440000,0.000000	91.640000,9.120000,0.000000	90.480000,-13.270000,0.000000
7.33741	0.090000,-78.940000,0.000000	91.340000,-12.370000,0.000000	85.990000,-2.340000,0.000000	91.640000,9.120000,0.000000	90.480000,-13.270000,0.000000
7.38920	1.360000,-78.570000,0.000000	91.880000,-11.180000,0.000000	86.530000,-3.900000,0.000000	91.640000,9.120000,0.000000	90.480000,-13.270000,0.000000
7.45406	3.650000,-78.010000,0.000000	92.560000,-9.310000,0.000000	87.150000,-4.450000,0.000000	91.640000,9.120000,0.000000	90.480000,-13.270000,0.000000
7.51381	6.290000,-77.670000,0.000000	92.650000,-7.480000,0.000000	87.130000,-4.700000,0.000000	91.640000,9.120000,0.000000	90.480000,-13.270000,0.000000
7.51746	7.500000,-77.560000,0.000000	92.840000,-6.240000,0.000000	87.290000,-4.700000,0.000000	91.640000,9.120000,0.000000	90.480000,-13.270000,0.000000
7.57471	8.890000,-77.070000,0.000000	92.720000,-5.420000,0.000000	87.410000,-4.910000,0.000000	91.640000,9.120000,0.000000	90.480000,-13.270000,0.000000
7.63344	10.240000,-76.570000,0.000000	92.790000,-5.190000,0.000000	87.020000,-4.990000,0.000000	91.640000,9.120000,0.000000	90.480000,-13.270000,0.000000
7.69555	10.810000,-76.220000,0.000000	93.120000,-5.620000,0.000000	86.660000,-4.380000,0.000000	91.640000,9.120000,0.000000	90.480000,-13.270000,0.000000
7.69807	11.670000,-76.090000,0.000000	93.440000,-6.350000,0.000000	86.150000,-3.540000,0.000000	91.640000,9.120000,0.000000	90.480000,-13.270000,0.000000
7.74860	11.450000,-76.040000,0.000000	93.970000,-7.370000,0.000000	85.590000,-2.260000,0.000000	91.640000,9.120000,0.000000	90.480000,-13.270000,0.000000
7.81290	12.240000,-75.930000,0.000000	94.170000,-8.700000,0.000000	85.460000,-0.450000,0.000000	91.640000,9.120000,0.000000	90.480000,-13.270000,0.000000
7.87524	13.500000,-75.920000,0.000000	94.500000,-10.260000,0.000000	85.240000,1.420000,0.000000	91.640000,9.120000,0.000000	90.480000,-13.270000,0.000000
7.87859	13.950000,-76.030000,0.000000	94.830000,-12.400000,0.000000	85.140000,3.070000,0.000000	91.640000,9.120000,0.000000	90.480000,-13.270000,0.000000
7.93004	14.340000,-76.020000,0.000000	94.700000,-14.690000,0.000000	85.080000,4.510000,0.000000	91.640000,9.120000,0.000000	90.480000,-13.270000,0.000000
7.99250	14.060000,-76.280000,0.000000	94.730000,-17.430000,0.000000	85.270000,6.010000,0.000000	91.640000,9.120000,0.000000	90.480000,-13.270000,0.000000
8.04803	13.310000,-76.560000,0.000000	94.300000,-20.340000,0.000000	85.530000,7.440000,0.000000	91.640000,9.120000,0.000000	90.480000,-13.270000,0.000000
8.05627	11.910000,-76.860000,0.000000	93.930000,-23.610000,0.000000	85.690000,8.900000,0.000000	91.640000,9.120000,0.000000	90.480000,-13.270000,0.000000
8.11318	9.830000,-77.280000,0.000000	93.870000,-26.940000,0.000000	85.940000,10.080000,0.000000	91.640000,9.120000,0.000000	90.480000,-13.270000,0.000000
8.16638	7.840000,-77.580000,0.000000	92.990000,-30.700000,0.000000	86.660000,11.050000,0.000000	91.640000,9.120000,0.000000	90.480000,-13.270000,0.000000
8.23432	2.820000,-78.310000,0.000000	91.340000,-33.880000,0.000000	87.880000,11.480000,0.000000	91.640000,9.120000,0.000000	90.480000,-13.270000,0.000000
8.23886	1.280000,-78.670000,0.000000	89.050000,-37.450000,0.000000	87.750000,11.580000,0.000000	91.640000,9.120000,0.000000	90.480000,-13.270000,0.000000
8.29528	-6.590000,-79.290000,0.000000	88.210000,-41.300000,0.000000	88.020000,11.220000,0.000000	91.640000,9.120000,0.000000	90.480000,-13.270000,0.000000
8.34599	-13.210000,-79.970000,0.000000	85.630000,-44.860000,0.000000	88.440000,11.040000,0.000000	91.640000,9.120000,0.000000	90.480000,-13.270000,0.000000
8.41469	-21.310000,-80.620000,0.000000	83.650000,-48.260000,0.000000	88.740000,10.470000,0.000000	91.640000,9.120000,0.000000	90.480000,-13.270000,0.000000
8.41690	-24.580000,-81.100000,0.000000	81.910000,-51.270000,0.000000	88.790000,9.680000,0.000000	91.640000,9.120000,0.000000	90.480000,-13.270000,0.000000
8.47536	-27.210000,-81.670000,0.000000	80.950000,-54.060000,0.000000	89.020000,9.040000,0.000000	91.640000,9.120000,0.000000	90.480000,-13.270000,0.000000
8.52856	-30.560000,-82.010000,0.000000	79.460000,-56.690000,0.000000	89.290000,8.370000,0.000000	91.640000,9.120000,0.000000	90.480000,-13.270000,0.000000
8.59588	-32.680000,-82.440000,0.000000	78.250000,-58.940000,0.000000	89.400000,7.980000,0.000000	91.640000,9.120000,0.000000	90.480000,-13.270000,0.000000
8.59879	-33.830000,-82.940000,0.000000	77.310000,-61.060000,0.000000	89.580000,7.670000,0.000000	91.640000,9.120000,0.000000	90.480000,-13.270000,0.000000
8.64420	-34.920000,-83.280000,0.000000	76.150000,-63.110000,0.000000	89.610000,7.030000,0.000000	91.640000,9.120000,0.000000	90.480000,-13.270000,0.000000
8.71480	-35.920000,-83.440000,0.000000	75.420000,-64.820000,0.000000	89.630000,6.010000,0.000000	91.640000,9.120000,0.000000	90.480000,-13.270000,0.000000
8.76834	-35.780000,-83.520000,0.000000	74.710000,-66.360000,0.000000	89.450000,4.660000,0.000000	91.640000,9.120000,0.000000	90.480000,-13.270000,0.000000
8.77706	-35.810000,-83.720000,0.000000	74.240000,-67.860000,0.000000	89.630000,3.170000,0.000000	91.640000,9.120000,0.000000	90.480000,-13.270000,0.000000
8.82895	-36.650000,-84.090000,0.000000	73.990000,-69.140000,0.000000	89.830000,1.920000,0.000000	91.640000,9.120000,0.000000	90.480000,-13.270000,0.000000
8.89278	-39.080000,-84.250000,0.000000	73.100000,-70.510000,0.000000	90.000000,0.060000,0.000000	91.640000,9.120000,0.000000	90.480000,-13.270000,0.000000
8.94875	-41.930000,-84.180000,0.000000	72.240000,-71.790000,0.000000	90.010000,-2.090000,0.000000	91.640000,9.120000,0.000000	90.480000,-13.270000,0.000000
8.95659	-42.390000,-84.420000,0.000000	72.150000,-72.520000,0.000000	90.310000,-4.440000,0.000000	91.640000,9.120000,0.000000	90.480000,-13.270000,0.000000
9.01106	-44.300000,-84.710000,0.000000	72.070000,-73.450000,0.000000	90.900000,-7.250000,0.000000	91.640000,9.120000,0.000000	90.480000,-13.270000,0.000000
9.06755	-48.390000,-84.990000,0.000000	71.780000,-74.580000,0.000000	91.670000,-10.480000,0.000000	91.640000,9.120000,0.000000	90.480000,-13.270000,0.000000
9.13334	-53.810000,-85.080000,0.000000	70.850000,-75.710000,0.000000	92.500000,-13.960000,0.000000	91.640000,9.120000,0.000000	90.480000,-13.270000,0.000000
9.13662	-58.180000,-84.950000,0.000000	70.290000,-76.800000,0.000000	93.340000,-17.170000,0.000000	91.640000,9.120000,0.000000	90.480000,-13.270000,0.000000
9.19500	-63.530000,-85.220000,0.000000	69.870000,-77.200000,0.000000	93.880000,-20.320000,0.000000	91.640000,9.120000,0.000000	90.480000,-13.270000,0.000000
9.24779	-69.250000,-85.360000,0.000000	69.480000,-78.020000,0.000000	94.850000,-23.030000,0.000000	91.640000,9.120000,0.000000	90.480000,-13.270000,0.000000
9.32670	-72.620000,-85.640000,0.000000	69.270000,-78.300000,0.000000	95.430000,-25.710000,0.000000	91.640000,9.120000,0.000000	90.480000,-13.270000,0.000000
9.33050	-76.000000,-85.700000,0.000000	68.750000,-78.920000,0.000000	95.830000,-28.240000,0.000000	91.640000,9.120000,0.000000	90.480000,-13.270000,0.000000
9.37397	-79.990000,-85.770000,0.000000	68.030000,-79.350000,0.000000	96.460000,-30.530000,0.000000	91.640000,9.120000,0.000000	90.480000,-13.270000,0.000000
9.43054	-83.780000,-85.830000,0.000000	67.190000,-79.860000,0.000000	96.790000,-32.430000,0.000000	91.640000,9.120000,0.000000	90.480000,-13.270000,0.000000
9.49317	-86.410000,-85.730000,0.000000	65.690000,-80.370000,0.000000	97.200000,-33.830000,0.000000	91.640000,9.120000,0.000000	90.480000,-13.270000,0.000000
9.49641	-90.620000,-85.710000,0.000000	65.090000,-80.670000,0.000000	97.400000,-35.110000,0.000000	91.640000,9.120000,0.000000	90.480000,-13.270000,0.000000
9.54648	-93.380000,-86.020000,0.000000	65.260000,-80.670000,0.000000	97.340000,-35.490000,0.000000	91.640000,9.120000,0.000000	90.480000,-13.270000,0.000000
9.61169	-94.490000,-86.110000,0.000000	64.880000,-80.710000,0.000000	97.130000,-35.550000,0.000000	91.640000,9.120000,0.000000	90.480000,-13.270000,0.000000
9.67375	-94.700000,-86.140000,0.000000	64.570000,-80.830000,0.000000	97.060000,-35.050000,0.000000	91.640000,9.120000,0.000000	90.480000,-13.270000,0.000000
9.67713	-95.340000,-86.210000,0.000000	64.410000,-80.830000,0.000000	96.770000,-33.850000,0.000000	91.640000,9.120000,0.000000	90.480000,-13.270000,0.000000
9.73531	-94.110000,-86.260000,0.000000	64.210000,-80.630000,0.000000	96.270000,-32.210000,0.000000	91.640000,9.120000,0.000000	90.480000,-13.270000,0.000000
9.79386	-91.150000,-86.330000,0.000000	64.100000,-80.070000,0.000000	95.860000,-30.230000,0.000000	91.640000,9.120000,0.000000	90.480000,-13.270000,0.000000
9.85334	-88.700000,-86.270000,0.000000	64.110000,-79.770000,0.000000	95.370000,-27.810000,0.000000	91.640000,9.120000,0.000000	90.480000,-13.270000,0.000000
9.85787	-86.470000,-86.200000,0.000000	64.160000,-79.310000,0.000000	94.970000,-25.420000,0.000000	91.640000,9.120000,0.000000	90.480000,-13.270000,0.000000
9.91089	-84.600000,-86.050000,0.000000	64.410000,-79.030000,0.000000	94.590000,-22.610000,0.000000	91.640000,9.120000,0.000000	90.480000,-13.270000,0.000000
9.96506	-82.590000,-86.220000,0.000000	64.960000,-78.440000,0.000000	94.690000,-19.270000,0.000000	91.640000,9.120000,0.000000	90.480000,-13.270000,0.000000
10.03522	-81.260000,-86.360000,0.000000	65.610000,-77.930000,0.000000	94.700000,-15.990000,0.000000	91.640000,9.120000,0.000000	90.480000,-13.270000,0.000000
10.03773	-79.600000,-86.400000,0.000000	65.670000,-77.220000,0.000000	94.250000,-12.740000,0.000000	91.640000,9.120000,0.000000	90.480000,-13.270000,0.000000
10.09297	-80.560000,-86.400000,0.000000	67.360000,-76.440000,0.000000	93.990000,-9.110000,0.000000	91.640000,9.120000,0.000000	90.480000,-13.270000,0.000000
10.14879	-78.330000,-86.410000,0.000000	67.910000,-75.350000,0.000000	93.340000,-6.120000,0.000000	91.640000,9.120000,0.000000	90.480000,-13.270000,0.000000
10.21347	-80.740000,-86.270000,0.000000	69.600000,-73.980000,0.000000	92.890000,-2.980000,0.000000	91.640000,9.120000,0.000000	90.480000,-13.270000,0.000000
10.21625	-75.580000,-86.140000,0.000000	70.160000,-72.440000,0.000000	92.250000,0.000000,0.000000	91.640000,9.120000,0.000000	90.480000,-13.270000,0.000000
10.27525	-75.470000,-86.120000,0.000000	72.330000,-70.630000,0.000000	91.430000,2.600000,0.000000	91.640000,9.120000,0.000000	90.480000,-13.270000,0.000000
10.32879	-74.790000,-86.100000,0.000000	73.810000,-68.590000,0.000000	90.560000,5.350000,0.000000	91.640000,9.120000,0.000000	90.480000,-13.270000,0.000000
10.39369	-70.860000,-86.210000,0.000000	75.370000,-66.420000,0.000000	90.200000,6.870000,0.000000	91.640000,9.120000,0.000000	90.480000,-13.270000,0.000000
10.39755	-65.300000,-86.140000,0.000000	76.660000,-63.790000,0.000000	88.680000,9.020000,0.000000	91.640000,9.120000,0.000000	90.480000,-13.270000,0.000000
10.44802	-63.930000,-86.070000,0.000000	77.930000,-60.950000,0.000000	89.030000,10.340000,0.000000	91.640000,9.120000,0.000000	90.480000,-13.270000,0.000000
10.51118	-58.200000,-85.510000,0.000000	79.710000,-57.680000,0.000000	88.930000,10.350000,0.000000	91.640000,9.120000,0.000000	90.480000,-13.270000,0.000000
10.57407	-55.450000,-85.150000,0.000000	80.950000,-54.940000,0.000000	88.200000,10.190000,0.000000	91.640000,9.120000,0.000000	90.480000,-13.270000,0.000000
10.57592	-49.210000,-84.850000,0.000000	81.730000,-51.360000,0.000000	87.520000,9.460000,0.000000	91.640000,9.120000,0.000000	90.480000,-13.270000,0.000000
10.62813	-42.590000,-84.730000,0.000000	82.380000,-48.090000,0.000000	87.410000,8.960000,0.000000	91.640000,9.120000,0.000000	90.480000,-13.270000,0.000000
10.69410	-38.170000,-84.340000,0.000000	83.320000,-44.960000,0.000000	87.730000,8.050000,0.000000	91.640000,9.120000,0.000000	90.480000,-13.270000,0.000000
10.74066	-33.860000,-84.030000,0.000000	84.110000,-41.460000,0.000000	87.650000,7.380000,0.000000	91.640000,9.120000,0.000000	90.480000,-13.270000,0.000000
10.75519	-31.350000,-83.710000,0.000000	85.120000,-37.610000,0.000000	87.320000,5.640000,0.000000	91.640000,9.120000,0.000000	90.480000,-13.270000,0.000000
10.81024	-25.900000,-83.380000,0.000000	86.140000,-33.920000,0.000000	87.560000,4.580000,0.000000	91.640000,9.120000,0.000000	90.480000,-13.270000,0.000000
10.87076	-20.570000,-83.010000,0.000000	86.880000,-31.100000,0.000000	86.450000,2.480000,0.000000	91.640000,9.120000,0.000000	90.480000,-13.270000,0.000000
10.93467	-19.940000,-82.680000,0.000000	88.090000,-28.280000,0.000000	87.280000,2.150000,0.000000	91.640000,9.120000,0.000000	90.480000,-13.270000,0.000000
10.93758	-17.330000,-82.430000,0.000000	89.090000,-24.950000,0.000000	87.770000,1.340000,0.000000	91.640000,9.120000,0.000000	90.480000,-13.270000,0.000000
10.98451	-13.730000,-82.090000,0.000000	89.790000,-22.100000,0.000000	87.310000,-0.010000,0.000000	91.640000,9.120000,0.000000	90.480000,-13.270000,0.000000
11.05362	-10.800000,-81.660000,0.000000	90.480000,-19.160000,0.000000	87.490000,-1.150000,0.000000	91.640000,9.120000,0.000000	90.480000,-13.270000,0.000000
11.10672	-7.520000,-81.240000,0.000000	91.240000,-16.060000,0.000000	87.480000,-1.580000,0.000000	91.640000,9.120000,0.000000	90.480000,-13.270000,0.000000
11.11534	-4.730000,-80.880000,0.000000	91.860000,-13.310000,0.000000	87.340000,-2.070000,0.000000	91.640000,9.120000,0.000000	90.480000,-13.270000,0.000000
11.16974	-2.280000,-80.510000,0.000000	92.440000,-10.710000,0.000000	87.120000,-2.510000,0.000000	91.640000,9.120000,0.000000	90.480000,-13.270000,0.000000
11.23266	0.070000,-80.120000,0.000000	92.990000,-8.090000,0.000000	87.050000,-2.700000,0.000000	91.640000,9.120000,0.000000	90.480000,-13.270000,0.000000
11.28013	1.470000,-79.770000,0.000000	93.700000,-5.920000,0.000000	87.210000,-3.000000,0.000000	91.640000,9.120000,0.000000	90.480000,-13.270000,0.000000
11.29522	3.110000,-79.380000,0.000000	94.210000,-4.160000,0.000000	87.300000,-3.450000,0.000000	91.640000,9.120000,0.000000	90.480000,-13.270000,0.000000
11.34360	4.460000,-79.060000,0.000000	94.860000,-2.250000,0.000000	87.780000,-2.090000,0.000000	91.640000,9.120000,0.000000	90.480000,-13.270000,0.000000
11.40684	5.370000,-78.460000,0.000000	95.570000,-0.330000,0.000000	87.530000,-1.270000,0.000000	91.640000,9.120000,0.000000	90.480000,-13.270000,0.000000
11.46986	6.840000,-77.640000,0.000000	96.040000,1.160000,0.000000	87.960000,-1.930000,0.000000	91.640000,9.120000,0.000000	90.480000,-13.270000,0.000000
11.47553	8.940000,-76.700000,0.000000	96.230000,2.380000,0.000000	87.780000,-1.500000,0.000000	91.640000,9.120000,0.000000	90.480000,-13.270000,0.000000
11.53269	10.260000,-75.950000,0.000000	96.220000,3.630000,0.000000	87.150000,-1.800000,0.000000	91.640000,9.120000,0.000000	90.480000,-13.270000,0.000000
11.59052	11.530000,-75.590000,0.000000	96.160000,4.010000,0.000000	86.010000,-1.110000,0.000000	91.640000,9.120000,0.000000	90.480000,-13.270000,0.000000
11.64159	11.480000,-75.270000,0.000000	96.330000,4.490000,0.000000	85.570000,0.800000,0.000000	91.640000,9.120000,0.000000	90.480000,-13.270000,0.000000
11.65538	11.210000,-74.640000,0.000000	96.370000,4.860000,0.000000	84.730000,3.400000,0.000000	91.640000,9.120000,0.000000	90.480000,-13.270000,0.000000
11.71301	11.320000,-74.430000,0.000000	96.390000,5.350000,0.000000	83.130000,6.750000,0.000000	91.640000,9.120000,0.000000	90.480000,-13.270000,0.000000
11.77165	11.170000,-74.230000,0.000000	96.360000,5.590000,0.000000	81.700000,10.680000,0.000000	91.640000,9.120000,0.000000	90.480000,-13.270000,0.000000
11.82755	11.770000,-74.010000,0.000000	96.400000,5.820000,0.000000	79.360000,15.080000,0.000000	91.640000,9.120000,0.000000	90.480000,-13.270000,0.000000
11.89989	10.900000,-73.540000,0.000000	96.140000,5.750000,0.000000	77.330000,19.880000,0.000000	91.640000,9.120000,0.000000	90.480000,-13.270000,0.000000
11.90250	10.390000,-73.300000,0.000000	96.190000,5.970000,0.000000	75.190000,24.910000,0.000000	91.640000,9.120000,0.000000	90.480000,-13.270000,0.000000
11.95269	10.630000,-73.060000,0.000000	95.740000,6.110000,0.000000	70.600000,30.070000,0.000000	91.640000,9.120000,0.000000	90.480000,-13.270000,0.000000
12.01510	11.000000,-72.840000,0.000000	95.590000,6.480000,0.000000	64.450000,34.840000,0.000000	91.640000,9.120000,0.000000	90.480000,-13.270000,0.000000
12.01972	11.090000,-72.570000,0.000000	94.940000,7.010000,0.000000	59.900000,39.480000,0.000000	91.640000,9.120000,0.000000	90.480000,-13.270000,0.000000
12.07459	11.850000,-72.280000,0.000000	94.560000,7.360000,0.000000	55.900000,43.500000,0.000000	91.640000,9.120000,0.000000	90.480000,-13.270000,0.000000
12.12864	12.480000,-72.080000,0.000000	93.950000,7.400000,0.000000	51.500000,46.870000,0.000000	91.640000,9.120000,0.000000	90.480000,-13.270000,0.000000
12.19721	11.820000,-71.480000,0.000000	93.510000,7.210000,0.000000	49.280000,50.680000,0.000000	91.640000,9.120000,0.000000	90.480000,-13.270000,0.000000
12.19989	12.020000,-71.060000,0.000000	93.110000,7.100000,0.000000	45.990000,53.840000,0.000000	91.640000,9.120000,0.000000	90.480000,-13.270000,0.000000
12.24625	12.110000,-70.630000,0.000000	92.550000,7.160000,0.000000	41.130000,56.870000,0.000000	91.640000,9.120000,0.000000	90.480000,-13.270000,0.000000
12.31364	11.360000,-70.210000,0.000000	92.080000,7.250000,0.000000	36.420000,59.780000,0.000000	91.640000,9.120000,0.000000	90.480000,-13.270000,0.000000
12.37060	11.070000,-69.980000,0.000000	91.490000,7.390000,0.000000	31.190000,62.430000,0.000000	91.640000,9.120000,0.000000	90.480000,-13.270000,0.000000
12.37833	10.550000,-69.690000,0.000000	90.990000,7.730000,0.000000	25.070000,64.880000,0.000000	91.640000,9.120000,0.000000	90.480000,-13.270000,0.000000
12.43376	9.570000,-69.590000,0.000000	90.520000,7.990000,0.000000	18.830000,67.100000,0.000000	91.640000,9.120000,0.000000	90.480000,-13.270000,0.000000
12.49529	9.210000,-69.490000,0.000000	90.100000,8.240000,0.000000	13.120000,69.230000,0.000000	91.640000,9.120000,0.000000	90.480000,-13.270000,0.000000
12.55410	9.000000,-69.230000,0.000000	89.540000,8.210000,0.000000	7.140000,70.930000,0.000000	91.640000,9.120000,0.000000	90.480000,-13.270000,0.000000
12.55695	9.370000,-69.070000,0.000000	89.060000,8.420000,0.000000	2.860000,72.560000,0.000000	91.640000,9.120000,0.000000	90.480000,-13.270000,0.000000
12.61380	9.400000,-68.880000,0.000000	88.720000,8.600000,0.000000	-0.100000,74.280000,0.000000	91.640000,9.120000,0.000000	90.480000,-13.270000,0.000000
12.67127	9.020000,-68.740000,0.000000	88.350000,8.400000,0.000000	-2.270000,75.790000,0.000000	91.640000,9.120000,0.000000	90.480000,-13.270000,0.000000
12.73023	8.770000,-68.520000,0.000000	87.900000,7.970000,0.000000	-2.260000,76.920000,0.000000	91.640000,9.120000,0.000000	90.480000,-13.270000,0.000000
12.73639	8.690000,-68.260000,0.000000	87.820000,7.450000,0.000000	-1.070000,77.560000,0.000000	91.640000,9.120000,0.000000	90.480000,-13.270000,0.000000
12.79497	8.870000,-68.210000,0.000000	87.590000,6.790000,0.000000	1.130000,77.920000,0.000000	91.640000,9.120000,0.000000	90.480000,-13.270000,0.000000
12.84614	9.260000,-68.260000,0.000000	87.790000,6.200000,0.000000	2.730000,78.150000,0.000000	91.640000,9.120000,0.000000	90.480000,-13.270000,0.000000
12.91387	9.340000,-68.500000,0.000000	87.770000,5.440000,0.000000	4.990000,78.160000,0.000000	91.640000,9.120000,0.000000	90.480000,-13.270000,0.000000
12.91708	8.880000,-68.780000,0.000000	87.940000,4.810000,0.000000	8.030000,77.530000,0.000000	91.640000,9.120000,0.000000	90.480000,-13.270000,0.000000
12.97260	9.000000,-68.980000,0.000000	88.000000,4.010000,0.000000	11.300000,76.820000,0.000000	91.640000,9.120000,0.000000	90.480000,-13.270000,0.000000
13.03003	9.000000,-69.270000,0.000000	88.310000,3.370000,0.000000	14.220000,75.420000,0.000000	91.640000,9.120000,0.000000	90.480000,-13.270000,0.000000
13.10186	8.420000,-69.520000,0.000000	88.470000,2.280000,0.000000	18.340000,74.020000,0.000000	91.640000,9.120000,0.000000	90.480000,-13.270000,0.000000
13.10384	8.580000,-69.920000,0.000000	88.960000,1.800000,0.000000	22.510000,72.250000,0.000000	91.640000,9.120000,0.000000	90.480000,-13.270000,0.000000
13.14823	9.010000,-70.340000,0.000000	89.080000,1.380000,0.000000	26.170000,69.170000,0.000000	91.640000,9.120000,0.000000	90.480000,-13.270000,0.000000
13.21427	9.860000,-70.660000,0.000000	89.270000,1.180000,0.000000	30.080000,65.940000,0.000000	91.640000,9.120000,0.000000	90.480000,-13.270000,0.000000
13.27332	10.440000,-71.020000,0.000000	89.420000,0.630000,0.000000	33.890000,62.300000,0.000000	91.640000,9.120000,0.000000	90.480000,-13.270000,0.000000
13.27627	11.050000,-71.370000,0.000000	89.760000,0.250000,0.000000	38.030000,57.690000,0.000000	91.640000,9.120000,0.000000	90.480000,-13.270000,0.000000
13.32872	11.580000,-71.540000,0.000000	90.060000,-0.560000,0.000000	42.500000,52.020000,0.000000	91.640000,9.120000,0.000000	90.480000,-13.270000,0.000000
13.39536	12.080000,-71.730000,0.000000	90.480000,-1.800000,0.000000	46.090000,48.040000,0.000000	91.640000,9.120000,0.000000	90.480000,-13.270000,0.000000
13.44834	11.390000,-72.250000,0.000000	90.410000,-1.970000,0.000000	49.740000,42.700000,0.000000	91.640000,9.120000,0.000000	90.480000,-13.270000,0.000000
13.46022	11.670000,-72.670000,0.000000	91.130000,-2.120000,0.000000	53.800000,38.890000,0.000000	91.640000,9.120000,0.000000	90.480000,-13.270000,0.000000
13.51197	11.880000,-73.000000,0.000000	91.660000,-2.490000,0.000000	57.270000,34.610000,0.000000	91.640000,9.120000,0.000000	90.480000,-13.270000,0.000000
13.57407	12.160000,-73.290000,0.000000	91.970000,-3.070000,0.000000	60.110000,29.910000,0.000000	91.640000,9.120000,0.000000	90.480000,-13.270000,0.000000
13.63319	12.860000,-73.660000,0.000000	92.230000,-3.640000,0.000000	62.900000,26.270000,0.000000	91.640000,9.120000,0.000000	90.480000,-13.270000,0.000000
13.63632	13.210000,-74.190000,0.000000	92.900000,-4.280000,0.000000	65.370000,23.160000,0.000000	91.640000,9.120000,0.000000	90.480000,-13.270000,0.000000
13.74834	13.850000,-74.770000,0.000000	93.010000,-4.800000,0.000000	67.600000,21.110000,0.000000	91.640000,9.120000,0.000000	90.480000,-13.270000,0.000000
13.75787	12.840000,-75.190000,0.000000	93.260000,-5.230000,0.000000	69.790000,20.390000,0.000000	91.640000,9.120000,0.000000	90.480000,-13.270000,0.000000
13.81393	12.230000,-75.490000,0.000000	93.390000,-5.750000,0.000000	71.740000,19.620000,0.000000	91.640000,9.120000,0.000000	90.480000,-13.270000,0.000000
13.81668	12.490000,-75.480000,0.000000	93.100000,-5.940000,0.000000	73.250000,19.060000,0.000000	91.640000,9.120000,0.000000	90.480000,-13.270000,0.000000
13.86473	12.310000,-75.310000,0.000000	93.200000,-6.400000,0.000000	74.170000,19.010000,0.000000	91.640000,9.120000,0.000000	90.480000,-13.270000,0.000000
13.93148	12.400000,-75.150000,0.000000	92.890000,-6.560000,0.000000	75.150000,19.630000,0.000000	91.640000,9.120000,0.000000	90.480000,-13.270000,0.000000
13.99480	11.870000,-74.910000,0.000000	92.770000,-6.830000,0.000000	75.120000,21.420000,0.000000	91.640000,9.120000,0.000000	90.480000,-13.270000,0.000000
13.99827	11.650000,-74.770000,0.000000	92.780000,-7.020000,0.000000	75.340000,23.640000,0.000000	91.640000,9.120000,0.000000	90.480000,-13.270000,0.000000
14.04628	11.380000,-74.610000,0.000000	92.640000,-7.530000,0.000000	74.690000,26.690000,0.000000	91.640000,9.120000,0.000000	90.480000,-13.270000,0.000000
14.11258	9.680000,-74.500000,0.000000	92.640000,-7.780000,0.000000	75.050000,30.720000,0.000000	91.640000,9.120000,0.000000	90.480000,-13.270000,0.000000
14.16540	9.010000,-74.330000,0.000000	92.470000,-7.820000,0.000000	70.720000,34.700000,0.000000	91.640000,9.120000,0.000000	90.480000,-13.270000,0.000000
14.17790	9.000000,-74.000000,0.000000	92.300000,-7.980000,0.000000	61.920000,38.710000,0.000000	91.640000,9.120000,0.000000	90.480000,-13.270000,0.000000
14.22988	8.650000,-73.780000,0.000000	92.170000,-8.450000,0.000000	53.000000,42.200000,0.000000	91.640000,9.120000,0.000000	90.480000,-13.270000,0.000000
14.29560	8.360000,-73.540000,0.000000	92.180000,-8.980000,0.000000	44.190000,45.440000,0.000000	91.640000,9.120000,0.000000	90.480000,-13.270000,0.000000
14.34959	7.750000,-73.270000,0.000000	91.980000,-9.520000,0.000000	36.240000,48.030000,0.000000	91.640000,9.120000,0.000000	90.480000,-13.270000,0.000000
14.35725	7.480000,-73.040000,0.000000	91.800000,-9.580000,0.000000	31.040000,51.050000,0.000000	91.640000,9.120000,0.000000	90.480000,-13.270000,0.000000
14.41396	7.280000,-72.810000,0.000000	91.550000,-9.600000,0.000000	27.290000,54.090000,0.000000	91.640000,9.120000,0.000000	90.480000,-13.270000,0.000000
14.46493	7.020000,-72.540000,0.000000	91.480000,-9.520000,0.000000	24.640000,56.080000,0.000000	91.640000,9.120000,0.000000	90.480000,-13.270000,0.000000
14.53006	6.780000,-72.340000,0.000000	91.010000,-9.780000,0.000000	24.520000,58.060000,0.000000	91.640000,9.120000,0.000000	90.480000,-13.270000,0.000000
14.53738	6.200000,-72.040000,0.000000	90.940000,-9.880000,0.000000	25.290000,59.470000,0.000000	91.640000,9.120000,0.000000	90.480000,-13.270000,0.000000
14.58653	6.120000,-71.870000,0.000000	90.860000,-9.880000,0.000000	27.700000,60.270000,0.000000	91.640000,9.120000,0.000000	90.480000,-13.270000,0.000000
14.64663	5.920000,-71.670000,0.000000	90.970000,-9.980000,0.000000	30.220000,60.430000,0.000000	91.640000,9.120000,0.000000	90.480000,-13.270000,0.000000
14.71516	5.440000,-71.470000,0.000000	90.920000,-10.070000,0.000000	32.810000,59.300000,0.000000	91.640000,9.120000,0.000000	90.480000,-13.270000,0.000000
14.71802	5.410000,-71.410000,0.000000	90.920000,-10.390000,0.000000	35.470000,58.570000,0.000000	91.640000,9.120000,0.000000	90.480000,-13.270000,0.000000
14.76710	4.520000,-71.460000,0.000000	90.980000,-10.420000,0.000000	38.410000,56.910000,0.000000	91.640000,9.120000,0.000000	90.480000,-13.270000,0.000000
14.83266	4.060000,-71.490000,0.000000	91.280000,-10.530000,0.000000	41.540000,54.740000,0.000000	91.640000,9.120000,0.000000	90.480000,-13.270000,0.000000
14.89406	3.670000,-71.690000,0.000000	91.410000,-10.550000,0.000000	44.590000,52.310000,0.000000	91.640000,9.120000,0.000000	90.480000,-13.270000,0.000000
14.89689	3.790000,-71.770000,0.000000	91.700000,-10.430000,0.000000	47.950000,49.780000,0.000000	91.640000,9.120000,0.000000	90.480000,-13.270000,0.000000
14.95034	3.410000,-71.930000,0.000000	91.820000,-10.400000,0.000000	51.010000,46.670000,0.000000	91.640000,9.120000,0.000000	90.480000,-13.270000,0.000000
15.01501	3.220000,-72.010000,0.000000	91.860000,-10.050000,0.000000	53.860000,43.150000,0.000000	91.640000,9.120000,0.000000	90.480000,-13.270000,0.000000
15.10887	3.610000,-72.030000,0.000000	91.800000,-9.320000,0.000000	56.700000,39.810000,0.000000	91.640000,9.120000,0.000000	90.480000,-13.270000,0.000000
15.11300	4.170000,-72.040000,0.000000	91.810000,-8.770000,0.000000	59.800000,36.650000,0.000000	91.640000,9.120000,0.000000	90.480000,-13.270000,0.000000
15.13363	4.460000,-72.210000,0.000000	92.010000,-7.970000,0.000000	61.960000,32.390000,0.000000	91.640000,9.120000,0.000000	90.480000,-13.270000,0.000000
15.19539	3.710000,-72.360000,0.000000	92.170000,-7.800000,0.000000	64.760000,28.470000,0.000000	91.640000,9.120000,0.000000	90.480000,-13.270000,0.000000
15.25099	3.370000,-72.530000,0.000000	92.580000,-7.060000,0.000000	67.820000,24.860000,0.000000	91.640000,9.120000,0.000000	90.480000,-13.270000,0.000000
15.25692	3.010000,-72.790000,0.000000	92.910000,-6.600000,0.000000	70.180000,21.370000,0.000000	91.640000,9.120000,0.000000	90.480000,-13.270000,0.000000
15.31336	3.410000,-73.120000,0.000000	93.220000,-5.900000,0.000000	72.380000,18.100000,0.000000	91.640000,9.120000,0.000000	90.480000,-13.270000,0.000000
15.43407	4.370000,-73.430000,0.000000	93.480000,-5.100000,0.000000	74.600000,15.190000,0.000000	91.640000,9.120000,0.000000	90.480000,-13.270000,0.000000
15.43683	4.920000,-73.810000,0.000000	93.680000,-4.300000,0.000000	76.670000,12.440000,0.000000	91.640000,9.120000,0.000000	90.480000,-13.270000,0.000000
15.43965	4.950000,-74.210000,0.000000	93.890000,-3.560000,0.000000	78.490000,10.140000,0.000000	91.640000,9.120000,0.000000	90.480000,-13.270000,0.000000
15.49232	5.190000,-74.550000,0.000000	94.150000,-2.860000,0.000000	80.250000,7.700000,0.000000	91.640000,9.120000,0.000000	90.480000,-13.270000,0.000000
15.54685	5.600000,-74.950000,0.000000	94.200000,-2.140000,0.000000	81.990000,5.010000,0.000000	91.640000,9.120000,0.000000	90.480000,-13.270000,0.000000
15.61364	5.850000,-75.260000,0.000000	94.350000,-1.340000,0.000000	83.600000,2.690000,0.000000	91.640000,9.120000,0.000000	90.480000,-13.270000,0.000000
15.61818	5.970000,-75.590000,0.000000	94.520000,-0.670000,0.000000	85.090000,0.370000,0.000000	91.640000,9.120000,0.000000	90.480000,-13.270000,0.000000
15.66342	6.060000,-75.920000,0.000000	94.650000,-0.080000,0.000000	86.500000,-1.690000,0.000000	91.640000,9.120000,0.000000	90.480000,-13.270000,0.000000
15.73149	5.630000,-76.220000,0.000000	94.820000,0.460000,0.000000	87.870000,-3.690000,0.000000	91.640000,9.120000,0.000000	90.480000,-13.270000,0.000000
15.79361	5.870000,-76.470000,0.000000	94.970000,1.080000,0.000000	89.130000,-5.630000,0.000000	91.640000,9.120000,0.000000	90.480000,-13.270000,0.000000
15.79761	5.760000,-76.780000,0.000000	95.170000,1.650000,0.000000	90.240000,-7.120000,0.000000	91.640000,9.120000,0.000000	90.480000,-13.270000,0.000000
15.84986	5.950000,-77.030000,0.000000	95.240000,2.270000,0.000000	91.280000,-8.620000,0.000000	91.640000,9.120000,0.000000	90.480000,-13.270000,0.000000
15.91339	5.960000,-77.310000,0.000000	95.420000,2.850000,0.000000	92.090000,-9.860000,0.000000	91.640000,9.120000,0.000000	90.480000,-13.270000,0.000000
15.96815	6.400000,-77.570000,0.000000	95.510000,3.370000,0.000000	92.900000,-10.940000,0.000000	91.640000,9.120000,0.000000	90.480000,-13.270000,0.000000
15.97893	6.880000,-77.770000,0.000000	95.650000,3.910000,0.000000	93.630000,-11.940000,0.000000	91.640000,9.120000,0.000000	90.480000,-13.270000,0.000000
16.03371	7.100000,-77.930000,0.000000	95.660000,4.340000,0.000000	94.280000,-12.900000,0.000000	91.640000,9.120000,0.000000	90.480000,-13.270000,0.000000
16.09438	7.010000,-78.030000,0.000000	95.700000,4.770000,0.000000	94.910000,-13.740000,0.000000	91.640000,9.120000,0.000000	90.480000,-13.270000,0.000000
16.14695	7.120000,-78.210000,0.000000	95.810000,5.060000,0.000000	95.420000,-14.570000,0.000000	91.640000,9.120000,0.000000	90.480000,-13.270000,0.000000
16.15956	7.170000,-78.390000,0.000000	95.840000,5.380000,0.000000	95.930000,-15.270000,0.000000	91.640000,9.120000,0.000000	90.480000,-13.270000,0.000000
16.21308	7.250000,-78.500000,0.000000	95.930000,5.700000,0.000000	96.430000,-15.930000,0.000000	91.640000,9.120000,0.000000	90.480000,-13.270000,0.000000
16.26923	7.780000,-78.580000,0.000000	96.000000,5.990000,0.000000	96.860000,-16.460000,0.000000	91.640000,9.120000,0.000000	90.480000,-13.270000,0.000000
16.33072	8.040000,-78.780000,0.000000	96.050000,6.280000,0.000000	97.180000,-17.020000,0.000000	91.640000,9.120000,0.000000	90.480000,-13.270000,0.000000
16.33648	8.040000,-78.830000,0.000000	96.060000,6.520000,0.000000	97.450000,-17.530000,0.000000	91.640000,9.120000,0.000000	90.480000,-13.270000,0.000000
16.39436	7.920000,-78.930000,0.000000	96.080000,6.770000,0.000000	97.720000,-18.000000,0.000000	91.640000,9.120000,0.000000	90.480000,-13.270000,0.000000
16.44551	7.770000,-79.060000,0.000000	96.100000,7.050000,0.000000	97.960000,-18.320000,0.000000	91.640000,9.120000,0.000000	90.480000,-13.270000,0.000000
16.51452	7.860000,-79.090000,0.000000	96.120000,7.230000,0.000000	98.190000,-18.580000,0.000000	91.640000,9.120000,0.000000	90.480000,-13.270000,0.000000
16.51777	8.170000,-79.160000,0.000000	96.180000,7.410000,0.000000	98.350000,-18.840000,0.000000	91.640000,9.120000,0.000000	90.480000,-13.270000,0.000000
16.57504	8.270000,-79.180000,0.000000	96.170000,7.570000,0.000000	98.410000,-18.920000,0.000000	91.640000,9.120000,0.000000	90.480000,-13.270000,0.000000
16.62936	8.370000,-79.230000,0.000000	96.230000,7.760000,0.000000	98.440000,-18.930000,0.000000	91.640000,9.120000,0.000000	90.480000,-13.270000,0.000000
16.69496	8.640000,-79.240000,0.000000	96.260000,8.010000,0.000000	98.550000,-19.030000,0.000000	91.640000,9.120000,0.000000	90.480000,-13.270000,0.000000
16.69683	8.930000,-79.250000,0.000000	96.240000,8.160000,0.000000	98.590000,-19.140000,0.000000	91.640000,9.120000,0.000000	90.480000,-13.270000,0.000000
16.75435	9.020000,-79.230000,0.000000	96.220000,8.320000,0.000000	98.640000,-19.190000,0.000000	91.640000,9.120000,0.000000	90.480000,-13.270000,0.000000
16.81425	8.910000,-79.190000,0.000000	96.200000,8.530000,0.000000	98.640000,-19.130000,0.000000	91.640000,9.120000,0.000000	90.480000,-13.270000,0.000000
16.87524	9.190000,-79.220000,0.000000	96.200000,8.730000,0.000000	98.650000,-19.080000,0.000000	91.640000,9.120000,0.000000	90.480000,-13.270000,0.000000
16.87819	9.300000,-79.220000,0.000000	96.210000,8.840000,0.000000	98.610000,-18.980000,0.000000	91.640000,9.120000,0.000000	90.480000,-13.270000,0.000000
16.93107	9.440000,-79.270000,0.000000	96.210000,9.070000,0.000000	98.570000,-18.800000,0.000000	91.640000,9.120000,0.000000	90.480000,-13.270000,0.000000
16.99378	9.800000,-79.210000,0.000000	96.250000,9.190000,0.000000	98.530000,-18.680000,0.000000	91.640000,9.120000,0.000000	90.480000,-13.270000,0.000000
17.04735	9.870000,-79.160000,0.000000	96.250000,9.340000,0.000000	98.530000,-18.750000,0.000000	91.640000,9.120000,0.000000	90.480000,-13.270000,0.000000
17.05957	9.580000,-79.060000,0.000000	96.240000,9.360000,0.000000	98.440000,-18.900000,0.000000	91.640000,9.120000,0.000000	90.480000,-13.270000,0.000000
17.11325	8.910000,-78.950000,0.000000	96.240000,9.260000,0.000000	98.430000,-18.950000,0.000000	91.640000,9.120000,0.000000	90.480000,-13.270000,0.000000
17.17528	9.030000,-78.840000,0.000000	96.290000,9.220000,0.000000	98.390000,-19.080000,0.000000	91.640000,9.120000,0.000000	90.480000,-13.270000,0.000000
17.23155	8.680000,-78.640000,0.000000	96.320000,8.640000,0.000000	98.410000,-19.900000,0.000000	91.640000,9.120000,0.000000	90.480000,-13.270000,0.000000
17.23694	7.200000,-78.320000,0.000000	96.170000,7.630000,0.000000	98.210000,-20.670000,0.000000	91.640000,9.120000,0.000000	90.480000,-13.270000,0.000000
17.29496	5.940000,-78.300000,0.000000	96.370000,6.800000,0.000000	97.860000,-20.470000,0.000000	91.640000,9.120000,0.000000	90.480000,-13.270000,0.000000
17.34778	6.290000,-78.110000,0.000000	96.210000,6.440000,0.000000	98.090000,-20.050000,0.000000	91.640000,9.120000,0.000000	90.480000,-13.270000,0.000000
17.40970	7.120000,-77.940000,0.000000	96.160000,5.490000,0.000000	97.570000,-20.010000,0.000000	91.640000,9.120000,0.000000	90.480000,-13.270000,0.000000
17.41873	6.920000,-77.790000,0.000000	95.780000,4.400000,0.000000	97.100000,-19.100000,0.000000	91.640000,9.120000,0.000000	90.480000,-13.270000,0.000000
17.47412	6.320000,-77.660000,0.000000	95.540000,2.900000,0.000000	96.640000,-18.500000,0.000000	91.640000,9.120000,0.000000	90.480000,-13.270000,0.000000
17.52690	5.650000,-77.580000,0.000000	95.560000,0.980000,0.000000	96.180000,-16.920000,0.000000	91.640000,9.120000,0.000000	90.480000,-13.270000,0.000000
17.58168	3.840000,-77.510000,0.000000	95.480000,-1.200000,0.000000	95.600000,-15.330000,0.000000	91.640000,9.120000,0.000000	90.480000,-13.270000,0.000000
17.59800	2.860000,-77.370000,0.000000	95.470000,-3.470000,0.000000	94.990000,-12.710000,0.000000	91.640000,9.120000,0.000000	90.480000,-13.270000,0.000000
17.65396	2.480000,-77.190000,0.000000	95.390000,-5.850000,0.000000	94.660000,-9.950000,0.000000	91.640000,9.120000,0.000000	90.480000,-13.270000,0.000000
17.71423	1.750000,-77.010000,0.000000	95.240000,-8.490000,0.000000	94.380000,-7.570000,0.000000	91.640000,9.120000,0.000000	90.480000,-13.270000,0.000000
17.76510	1.360000,-76.860000,0.000000	95.230000,-11.390000,0.000000	94.030000,-4.980000,0.000000	91.640000,9.120000,0.000000	90.480000,-13.270000,0.000000
17.77796	0.930000,-76.850000,0.000000	95.120000,-14.350000,0.000000	93.740000,-2.720000,0.000000	91.640000,9.120000,0.000000	90.480000,-13.270000,0.000000
17.83017	0.550000,-76.720000,0.000000	94.670000,-17.660000,0.000000	93.340000,-0.590000,0.000000	91.640000,9.120000,0.000000	90.480000,-13.270000,0.000000
17.90490	-0.220000,-76.780000,0.000000	94.450000,-21.210000,0.000000	93.210000,1.370000,0.000000	91.640000,9.120000,0.000000	90.480000,-13.270000,0.000000
17.94693	-1.130000,-76.930000,0.000000	94.010000,-24.650000,0.000000	93.130000,3.420000,0.000000	91.640000,9.120000,0.000000	90.480000,-13.270000,0.000000
17.95703	-2.770000,-77.030000,0.000000	93.310000,-28.470000,0.000000	92.970000,5.380000,0.000000	91.640000,9.120000,0.000000	90.480000,-13.270000,0.000000
18.01541	-4.380000,-77.270000,0.000000	92.720000,-32.090000,0.000000	92.940000,7.110000,0.000000	91.640000,9.120000,0.000000	90.480000,-13.270000,0.000000
18.06515	-4.570000,-77.450000,0.000000	91.670000,-35.940000,0.000000	92.900000,9.050000,0.000000	91.640000,9.120000,0.000000	90.480000,-13.270000,0.000000
18.13023	-6.160000,-77.400000,0.000000	92.200000,-39.960000,0.000000	93.140000,11.330000,0.000000	91.640000,9.120000,0.000000	90.480000,-13.270000,0.000000
18.13690	-7.400000,-77.940000,0.000000	91.230000,-43.280000,0.000000	93.770000,13.110000,0.000000	91.640000,9.120000,0.000000	90.480000,-13.270000,0.000000
18.19477	-8.710000,-78.400000,0.000000	89.320000,-46.630000,0.000000	93.970000,14.440000,0.000000	91.640000,9.120000,0.000000	90.480000,-13.270000,0.000000
18.24719	-11.400000,-78.820000,0.000000	87.850000,-50.030000,0.000000	94.050000,15.190000,0.000000	91.640000,9.120000,0.000000	90.480000,-13.270000,0.000000
18.31400	-13.220000,-79.290000,0.000000	86.250000,-53.000000,0.000000	94.000000,15.830000,0.000000	91.640000,9.120000,0.000000	90.480000,-13.270000,0.000000
18.31712	-15.760000,-79.670000,0.000000	85.180000,-55.690000,0.000000	93.830000,16.560000,0.000000	91.640000,9.120000,0.000000	90.480000,-13.270000,0.000000
18.37469	-17.430000,-79.980000,0.000000	84.120000,-58.010000,0.000000	93.840000,17.350000,0.000000	91.640000,9.120000,0.000000	90.480000,-13.270000,0.000000
18.43200	-18.790000,-80.120000,0.000000	83.540000,-60.170000,0.000000	93.780000,18.050000,0.000000	91.640000,9.120000,0.000000	90.480000,-13.270000,0.000000
18.49267	-19.560000,-80.300000,0.000000	83.270000,-61.790000,0.000000	93.640000,18.890000,0.000000	91.640000,9.120000,0.000000	90.480000,-13.270000,0.000000
18.49736	-20.840000,-80.510000,0.000000	83.500000,-63.120000,0.000000	93.210000,20.190000,0.000000	91.640000,9.120000,0.000000	90.480000,-13.270000,0.000000
18.54804	-21.600000,-80.610000,0.000000	83.510000,-63.820000,0.000000	92.960000,20.190000,0.000000	91.640000,9.120000,0.000000	90.480000,-13.270000,0.000000
18.61362	-23.110000,-81.090000,0.000000	84.170000,-64.480000,0.000000	92.900000,21.460000,0.000000	91.640000,9.120000,0.000000	90.480000,-13.270000,0.000000
18.66339	-22.060000,-81.010000,0.000000	84.060000,-64.060000,0.000000	92.480000,21.940000,0.000000	91.640000,9.120000,0.000000	90.480000,-13.270000,0.000000
18.73044	-22.490000,-81.510000,0.000000	85.860000,-63.680000,0.000000	92.180000,22.790000,0.000000	91.640000,9.120000,0.000000	90.480000,-13.270000,0.000000
18.73707	-21.580000,-81.260000,0.000000	86.130000,-62.540000,0.000000	91.500000,23.770000,0.000000	91.640000,9.120000,0.000000	90.480000,-13.270000,0.000000
18.79328	-20.780000,-81.690000,0.000000	87.330000,-61.370000,0.000000	91.530000,23.990000,0.000000	91.640000,9.120000,0.000000	90.480000,-13.270000,0.000000
18.84579	-19.750000,-81.480000,0.000000	87.380000,-59.360000,0.000000	90.700000,23.760000,0.000000	91.640000,9.120000,0.000000	90.480000,-13.270000,0.000000
18.85769	-19.380000,-81.490000,0.000000	88.300000,-57.710000,0.000000	90.380000,23.600000,0.000000	91.640000,9.120000,0.000000	90.480000,-13.270000,0.000000
18.91302	-16.740000,-81.350000,0.000000	88.530000,-55.360000,0.000000	90.030000,22.150000,0.000000	91.640000,9.120000,0.000000	90.480000,-13.270000,0.000000
18.96420	-16.730000,-81.410000,0.000000	89.300000,-53.240000,0.000000	89.380000,20.310000,0.000000	91.640000,9.120000,0.000000	90.480000,-13.270000,0.000000
19.03138	-15.300000,-81.170000,0.000000	89.200000,-51.100000,0.000000	88.760000,18.710000,0.000000	91.640000,9.120000,0.000000	90.480000,-13.270000,0.000000
19.03707	-14.760000,-81.030000,0.000000	89.370000,-48.480000,0.000000	88.690000,17.490000,0.000000	91.640000,9.120000,0.000000	90.480000,-13.270000,0.000000
19.09464	-12.660000,-80.900000,0.000000	89.610000,-45.580000,0.000000	88.360000,16.090000,0.000000	91.640000,9.120000,0.000000	90.480000,-13.270000,0.000000
19.15369	-12.210000,-80.740000,0.000000	89.840000,-43.000000,0.000000	88.680000,14.320000,0.000000	91.640000,9.120000,0.000000	90.480000,-13.270000,0.000000
19.21252	-10.740000,-80.500000,0.000000	90.130000,-40.220000,0.000000	89.220000,13.290000,0.000000	91.640000,9.120000,0.000000	90.480000,-13.270000,0.000000
19.21689	-10.820000,-80.480000,0.000000	90.810000,-37.510000,0.000000	89.890000,11.290000,0.000000	91.640000,9.120000,0.000000	90.480000,-13.270000,0.000000
19.27385	-10.180000,-80.250000,0.000000	91.300000,-35.230000,0.000000	89.090000,9.630000,0.000000	91.640000,9.120000,0.000000	90.480000,-13.270000,0.000000
19.32922	-9.040000,-80.160000,0.000000	91.400000,-32.690000,0.000000	88.860000,8.010000,0.000000	91.640000,9.120000,0.000000	90.480000,-13.270000,0.000000
19.39761	-8.120000,-80.050000,0.000000	92.080000,-29.760000,0.000000	89.430000,7.360000,0.000000	91.640000,9.120000,0.000000	90.480000,-13.270000,0.000000
19.40053	-5.930000,-79.740000,0.000000	92.370000,-26.940000,0.000000	88.910000,5.650000,0.000000	91.640000,9.120000,0.000000	90.480000,-13.270000,0.000000
19.45128	-3.190000,-79.540000,0.000000	92.570000,-24.300000,0.000000	89.000000,4.290000,0.000000	91.640000,9.120000,0.000000	90.480000,-13.270000,0.000000
19.51367	-1.610000,-79.460000,0.000000	92.920000,-21.740000,0.000000	89.200000,3.020000,0.000000	91.640000,9.120000,0.000000	90.480000,-13.270000,0.000000
19.56807	-0.030000,-79.310000,0.000000	93.180000,-19.380000,0.000000	89.050000,1.760000,0.000000	91.640000,9.120000,0.000000	90.480000,-13.270000,0.000000
19.57718	1.000000,-79.150000,0.000000	93.420000,-17.070000,0.000000	89.090000,0.870000,0.000000	91.640000,9.120000,0.000000	90.480000,-13.270000,0.000000
19.63483	2.080000,-79.020000,0.000000	93.680000,-14.920000,0.000000	88.960000,-0.100000,0.000000	91.640000,9.120000,0.000000	90.480000,-13.270000,0.000000
19.69778	3.060000,-78.960000,0.000000	93.880000,-12.830000,0.000000	88.860000,-0.910000,0.000000	91.640000,9.120000,0.000000	90.480000,-13.270000,0.000000
19.74674	4.120000,-78.870000,0.000000	93.950000,-10.900000,0.000000	88.810000,-1.610000,0.000000	91.640000,9.120000,0.000000	90.480000,-13.270000,0.000000
19.75599	4.770000,-78.770000,0.000000	94.090000,-9.080000,0.000000	88.710000,-2.350000,0.000000	91.640000,9.120000,0.000000	90.480000,-13.270000,0.000000
19.81328	5.250000,-78.630000,0.000000	94.170000,-7.330000,0.000000	88.640000,-3.050000,0.000000	91.640000,9.120000,0.000000	90.480000,-13.270000,0.000000
19.87297	5.630000,-78.480000,0.000000	94.290000,-5.690000,0.000000	88.600000,-3.640000,0.000000	91.640000,9.120000,0.000000	90.480000,-13.270000,0.000000
19.93009	6.480000,-78.280000,0.000000	94.350000,-4.090000,0.000000	88.540000,-4.260000,0.000000	91.640000,9.120000,0.000000	90.480000,-13.270000,0.000000
19.93617	6.840000,-78.220000,0.000000	94.510000,-2.660000,0.000000	88.520000,-4.840000,0.000000	91.640000,9.120000,0.000000	90.480000,-13.270000,0.000000
19.99697	7.320000,-78.140000,0.000000	94.590000,-1.360000,0.000000	88.420000,-5.340000,0.000000	91.640000,9.120000,0.000000	90.480000,-13.270000,0.000000
20.05010	7.680000,-78.010000,0.000000	94.660000,-0.230000,0.000000	88.380000,-6.030000,0.000000	91.640000,9.120000,0.000000	90.480000,-13.270000,0.000000
