time	pelvis_imu	femur_r_imu	tibia_r_imu
0.000	-3.630000,-68.690000,0.000000	90.040000,-5.110000,0.000000	90.710000,7.700000,0.000000
0.135	-3.640000,-68.690000,0.000000	90.030000,-5.010000,0.000000	90.710000,7.710000,0.000000
0.270	-3.440000,-68.570000,0.000000	89.990000,-4.920000,0.000000	90.610000,7.830000,0.000000
0.389	-3.320000,-68.600000,0.000000	89.970000,-4.930000,0.000000	90.560000,7.890000,0.000000
0.525	-3.170000,-68.550000,0.000000	89.960000,-4.970000,0.000000	90.540000,7.850000,0.000000
0.660	-2.960000,-68.570000,0.000000	90.040000,-5.080000,0.000000	90.500000,7.830000,0.000000
0.779	-3.000000,-68.540000,0.000000	90.030000,-4.940000,0.000000	90.400000,7.860000,0.000000
0.915	-2.830000,-68.580000,0.000000	90.110000,-4.940000,0.000000	90.430000,7.930000,0.000000
1.050	-2.630000,-68.600000,0.000000	90.170000,-4.990000,0.000000	90.430000,7.880000,0.000000
1.170	-2.360000,-68.620000,0.000000	90.180000,-4.800000,0.000000	90.380000,7.840000,0.000000
1.305	-2.560000,-68.540000,0.000000	90.210000,-4.680000,0.000000	90.410000,7.800000,0.000000
1.440	-2.520000,-68.640000,0.000000	90.170000,-4.540000,0.000000	90.380000,7.870000,0.000000
1.560	-2.770000,-68.620000,0.000000	90.200000,-4.550000,0.000000	90.390000,7.860000,0.000000
1.695	-2.970000,-68.610000,0.000000	90.240000,-4.650000,0.000000	90.430000,7.850000,0.000000
1.830	-3.210000,-68.580000,0.000000	90.160000,-4.640000,0.000000	90.450000,7.900000,0.000000
1.950	-3.470000,-68.540000,0.000000	90.200000,-4.690000,0.000000	90.530000,7.880000,0.000000
2.085	-3.500000,-68.610000,0.000000	90.230000,-4.680000,0.000000	90.400000,7.670000,0.000000
2.220	-3.150000,-68.550000,0.000000	90.240000,-4.700000,0.000000	90.320000,7.770000,0.000000
2.340	-3.050000,-68.530000,0.000000	90.150000,-4.670000,0.000000	90.150000,7.820000,0.000000
2.475	-2.970000,-68.490000,0.000000	90.170000,-4.650000,0.000000	90.120000,7.840000,0.000000
2.610	-2.860000,-68.450000,0.000000	90.300000,-4.610000,0.000000	90.170000,7.880000,0.000000
2.730	-2.660000,-68.450000,0.000000	90.270000,-4.460000,0.000000	90.190000,7.880000,0.000000
2.865	-2.710000,-68.410000,0.000000	90.200000,-4.410000,0.000000	90.240000,7.800000,0.000000
3.000	-2.770000,-68.490000,0.000000	90.220000,-4.330000,0.000000	90.280000,7.850000,0.000000
3.119	-2.580000,-68.340000,0.000000	90.180000,-4.270000,0.000000	90.340000,7.810000,0.000000
3.255	-2.370000,-68.270000,0.000000	90.140000,-4.330000,0.000000	90.340000,7.880000,0.000000
3.390	-2.320000,-68.160000,0.000000	89.980000,-4.380000,0.000000	90.370000,7.910000,0.000000
3.510	-2.470000,-68.010000,0.000000	89.830000,-4.370000,0.000000	90.380000,7.790000,0.000000
3.645	-2.910000,-68.030000,0.000000	89.730000,-4.400000,0.000000	90.240000,7.750000,0.000000
3.780	-2.980000,-68.070000,0.000000	89.730000,-4.270000,0.000000	90.410000,7.830000,0.000000
3.900	-3.300000,-68.140000,0.000000	89.830000,-4.390000,0.000000	90.330000,7.750000,0.000000
4.035	-3.130000,-68.130000,0.000000	89.740000,-4.320000,0.000000	90.320000,7.830000,0.000000
4.170	-3.100000,-68.010000,0.000000	89.700000,-4.390000,0.000000	90.210000,7.760000,0.000000
4.290	-3.290000,-68.070000,0.000000	89.660000,-4.380000,0.000000	90.240000,7.790000,0.000000
4.425	-3.320000,-68.090000,0.000000	89.580000,-4.450000,0.000000	90.150000,7.800000,0.000000
4.560	-3.410000,-68.060000,0.000000	89.540000,-4.490000,0.000000	90.170000,7.760000,0.000000
4.680	-3.430000,-68.140000,0.000000	89.410000,-4.470000,0.000000	90.230000,7.720000,0.000000
4.815	-3.370000,-68.140000,0.000000	89.470000,-4.410000,0.000000	90.150000,7.720000,0.000000
4.950	-3.060000,-68.110000,0.000000	89.560000,-4.370000,0.000000	90.220000,7.680000,0.000000
5.069	-3.140000,-68.040000,0.000000	89.620000,-4.340000,0.000000	90.140000,7.560000,0.000000
5.204	-3.430000,-68.090000,0.000000	89.710000,-4.290000,0.000000	90.220000,7.590000,0.000000
5.340	-3.600000,-68.160000,0.000000	89.810000,-4.380000,0.000000	90.310000,7.600000,0.000000
5.459	-2.510000,-68.120000,0.000000	89.770000,-3.950000,0.000000	90.380000,7.700000,0.000000
5.595	-2.630000,-68.210000,0.000000	89.800000,-4.130000,0.000000	90.480000,7.510000,0.000000
5.730	-1.780000,-68.180000,0.000000	89.980000,-4.130000,0.000000	90.800000,7.430000,0.000000
5.850	-1.310000,-68.230000,0.000000	90.120000,-4.920000,0.000000	91.180000,6.950000,0.000000
5.985	-2.640000,-67.500000,0.000000	89.640000,-7.300000,0.000000	90.150000,6.420000,0.000000
6.120	-4.090000,-67.300000,0.000000	88.910000,-10.950000,0.000000	90.460000,3.430000,0.000000
6.240	-7.960000,-67.810000,0.000000	89.030000,-16.160000,0.000000	90.440000,2.030000,0.000000
6.374	-11.280000,-68.790000,0.000000	88.190000,-22.010000,0.000000	91.070000,-0.130000,0.000000
6.510	-16.340000,-69.930000,0.000000	87.500000,-29.190000,0.000000	91.570000,-3.190000,0.000000
6.630	-22.190000,-71.530000,0.000000	85.090000,-36.630000,0.000000	92.480000,-7.910000,0.000000
6.765	-29.410000,-72.830000,0.000000	81.150000,-44.380000,0.000000	94.190000,-13.100000,0.000000
6.900	-38.350000,-73.330000,0.000000	73.460000,-52.590000,0.000000	96.140000,-18.660000,0.000000
7.020	-47.430000,-73.730000,0.000000	56.920000,-60.260000,0.000000	96.770000,-25.360000,0.000000
7.155	-57.670000,-74.470000,0.000000	42.820000,-66.610000,0.000000	98.130000,-31.490000,0.000000
7.290	-65.820000,-75.100000,0.000000	31.020000,-71.400000,0.000000	98.500000,-37.500000,0.000000
7.410	-74.970000,-75.290000,0.000000	20.150000,-75.150000,0.000000	98.250000,-43.400000,0.000000
7.545	-82.710000,-75.280000,0.000000	9.000000,-78.440000,0.000000	99.310000,-49.210000,0.000000
7.679	-89.880000,-75.290000,0.000000	-3.450000,-81.180000,0.000000	101.010000,-54.520000,0.000000
7.800	-97.740000,-75.330000,0.000000	-13.120000,-83.890000,0.000000	101.770000,-58.320000,0.000000
7.935	-102.880000,-75.260000,0.000000	-21.240000,-85.980000,0.000000	102.280000,-60.750000,0.000000
8.070	-109.020000,-75.310000,0.000000	-24.830000,-87.290000,0.000000	101.790000,-62.970000,0.000000
8.189	-112.800000,-74.880000,0.000000	-27.630000,-88.350000,0.000000	100.080000,-65.050000,0.000000
8.339	-115.860000,-74.610000,0.000000	-30.860000,-89.300000,0.000000	99.790000,-66.420000,0.000000
8.459	-119.050000,-74.120000,0.000000	-30.990000,-89.450000,0.000000	98.910000,-67.540000,0.000000
8.580	-121.190000,-74.230000,0.000000	-29.620000,-89.470000,0.000000	97.520000,-68.120000,0.000000
8.715	-122.800000,-74.110000,0.000000	-29.030000,-89.250000,0.000000	96.830000,-68.590000,0.000000
8.850	-123.260000,-73.780000,0.000000	-29.200000,-89.210000,0.000000	95.560000,-68.460000,0.000000
8.970	-124.150000,-73.710000,0.000000	-28.690000,-88.820000,0.000000	95.500000,-68.080000,0.000000
9.104	-125.200000,-73.780000,0.000000	-26.550000,-88.150000,0.000000	95.210000,-67.630000,0.000000
9.240	-123.360000,-73.030000,0.000000	-26.060000,-87.840000,0.000000	95.060000,-66.990000,0.000000
9.359	-121.870000,-72.570000,0.000000	-23.710000,-87.100000,0.000000	93.820000,-66.600000,0.000000
9.494	-121.760000,-72.210000,0.000000	-22.430000,-86.520000,0.000000	93.940000,-65.760000,0.000000
9.630	-119.880000,-71.770000,0.000000	-21.310000,-85.680000,0.000000	92.590000,-65.200000,0.000000
9.749	-120.330000,-72.220000,0.000000	-19.070000,-84.910000,0.000000	91.570000,-64.810000,0.000000
9.885	-119.910000,-72.170000,0.000000	-16.700000,-84.000000,0.000000	89.510000,-64.490000,0.000000
10.020	-119.290000,-71.910000,0.000000	-13.030000,-83.550000,0.000000	89.180000,-63.660000,0.000000
10.140	-117.530000,-71.390000,0.000000	-12.160000,-83.060000,0.000000	88.960000,-62.870000,0.000000
10.275	-114.770000,-71.200000,0.000000	-9.310000,-82.820000,0.000000	88.680000,-61.460000,0.000000
10.410	-112.050000,-71.520000,0.000000	-5.580000,-82.360000,0.000000	89.170000,-60.240000,0.000000
10.530	-109.730000,-71.360000,0.000000	-2.090000,-81.750000,0.000000	89.400000,-58.830000,0.000000
10.680	-108.460000,-71.820000,0.000000	2.590000,-81.480000,0.000000	89.050000,-57.550000,0.000000
10.800	-106.340000,-72.100000,0.000000	6.210000,-80.320000,0.000000	88.470000,-56.470000,0.000000
10.919	-105.160000,-72.520000,0.000000	10.360000,-79.740000,0.000000	88.220000,-55.220000,0.000000
11.055	-102.240000,-73.400000,0.000000	15.270000,-78.580000,0.000000	88.850000,-53.850000,0.000000
11.189	-100.660000,-73.290000,0.000000	18.070000,-78.600000,0.000000	88.470000,-52.970000,0.000000
11.310	-98.770000,-73.340000,0.000000	19.280000,-78.360000,0.000000	88.490000,-52.710000,0.000000
11.445	-97.180000,-73.570000,0.000000	20.880000,-78.170000,0.000000	88.690000,-52.210000,0.000000
11.580	-96.130000,-74.450000,0.000000	24.400000,-77.150000,0.000000	89.710000,-51.670000,0.000000
11.700	-96.330000,-74.930000,0.000000	25.470000,-76.840000,0.000000	90.320000,-51.190000,0.000000
11.834	-96.750000,-74.890000,0.000000	25.390000,-76.580000,0.000000	90.390000,-51.130000,0.000000
11.969	-96.520000,-75.160000,0.000000	26.090000,-76.160000,0.000000	90.590000,-50.650000,0.000000
12.104	-96.670000,-75.080000,0.000000	25.830000,-76.230000,0.000000	90.230000,-50.810000,0.000000
12.224	-96.970000,-74.950000,0.000000	25.590000,-76.600000,0.000000	89.820000,-50.680000,0.000000
12.360	-97.030000,-74.660000,0.000000	24.900000,-76.610000,0.000000	90.220000,-50.300000,0.000000
12.480	-96.540000,-74.530000,0.000000	23.780000,-76.480000,0.000000	90.120000,-50.230000,0.000000
12.614	-96.660000,-74.370000,0.000000	22.860000,-76.740000,0.000000	89.680000,-50.640000,0.000000
12.764	-96.950000,-74.490000,0.000000	23.560000,-76.970000,0.000000	89.410000,-50.760000,0.000000
12.870	-98.140000,-74.850000,0.000000	25.830000,-76.980000,0.000000	90.360000,-50.770000,0.000000
13.005	-98.840000,-75.410000,0.000000	26.650000,-76.790000,0.000000	91.330000,-51.240000,0.000000
13.140	-98.950000,-74.780000,0.000000	24.410000,-76.990000,0.000000	91.690000,-51.240000,0.000000
13.260	-99.590000,-74.670000,0.000000	23.540000,-76.820000,0.000000	93.310000,-50.320000,0.000000
13.395	-101.680000,-75.400000,0.000000	23.460000,-76.500000,0.000000	94.650000,-50.070000,0.000000
13.530	-101.100000,-75.030000,0.000000	21.220000,-77.010000,0.000000	95.130000,-50.470000,0.000000
13.650	-101.430000,-74.640000,0.000000	18.870000,-77.670000,0.000000	95.650000,-50.620000,0.000000
13.785	-101.860000,-74.220000,0.000000	15.970000,-77.950000,0.000000	96.990000,-50.560000,0.000000
13.919	-103.440000,-74.370000,0.000000	15.960000,-77.730000,0.000000	97.570000,-50.720000,0.000000
14.040	-103.580000,-74.810000,0.000000	16.260000,-78.110000,0.000000	98.610000,-51.250000,0.000000
14.174	-103.730000,-74.720000,0.000000	15.470000,-78.530000,0.000000	99.220000,-51.360000,0.000000
14.310	-102.900000,-74.830000,0.000000	13.650000,-78.700000,0.000000	100.270000,-51.490000,0.000000
14.430	-101.810000,-75.090000,0.000000	15.200000,-78.610000,0.000000	100.900000,-51.050000,0.000000
14.564	-102.060000,-74.930000,0.000000	15.570000,-78.800000,0.000000	100.360000,-51.120000,0.000000
14.700	-104.060000,-74.320000,0.000000	15.400000,-78.580000,0.000000	100.020000,-50.770000,0.000000
14.820	-104.230000,-74.320000,0.000000	13.960000,-78.750000,0.000000	99.780000,-50.810000,0.000000
14.954	-104.320000,-74.330000,0.000000	11.440000,-78.760000,0.000000	99.560000,-51.270000,0.000000
15.089	-104.080000,-73.720000,0.000000	9.950000,-78.680000,0.000000	99.190000,-51.290000,0.000000
15.210	-104.740000,-74.090000,0.000000	10.790000,-78.680000,0.000000	98.730000,-51.230000,0.000000
15.345	-105.170000,-74.110000,0.000000	10.340000,-78.670000,0.000000	98.410000,-51.130000,0.000000
15.480	-104.990000,-73.540000,0.000000	8.600000,-78.530000,0.000000	98.260000,-50.100000,0.000000
15.600	-104.940000,-73.490000,0.000000	7.470000,-78.380000,0.000000	98.050000,-47.810000,0.000000
15.734	-105.580000,-73.480000,0.000000	5.640000,-78.550000,0.000000	98.110000,-44.560000,0.000000
15.870	-105.200000,-73.400000,0.000000	4.750000,-78.130000,0.000000	98.440000,-40.650000,0.000000
15.990	-104.910000,-73.670000,0.000000	3.380000,-77.980000,0.000000	98.020000,-36.190000,0.000000
16.125	-103.370000,-73.280000,0.000000	1.670000,-78.490000,0.000000	96.890000,-31.170000,0.000000
16.259	-101.880000,-73.120000,0.000000	0.460000,-78.530000,0.000000	95.410000,-25.630000,0.000000
16.380	-99.910000,-72.770000,0.000000	-3.680000,-78.770000,0.000000	94.670000,-20.630000,0.000000
16.515	-99.640000,-73.380000,0.000000	-4.790000,-78.310000,0.000000	93.500000,-15.840000,0.000000
16.650	-97.650000,-72.800000,0.000000	-13.220000,-78.510000,0.000000	92.210000,-9.690000,0.000000
16.770	-95.070000,-72.690000,0.000000	-13.640000,-79.050000,0.000000	92.170000,-3.910000,0.000000
16.904	-92.900000,-72.750000,0.000000	-15.570000,-79.060000,0.000000	91.300000,0.900000,0.000000
17.039	-91.480000,-72.230000,0.000000	-19.330000,-79.110000,0.000000	90.120000,4.110000,0.000000
17.159	-89.980000,-71.930000,0.000000	-22.090000,-79.240000,0.000000	89.280000,7.510000,0.000000
17.294	-89.870000,-72.280000,0.000000	-25.500000,-79.850000,0.000000	88.690000,10.310000,0.000000
17.430	-89.240000,-72.800000,0.000000	-26.170000,-80.380000,0.000000	89.130000,13.220000,0.000000
17.550	-88.970000,-73.150000,0.000000	-28.390000,-80.780000,0.000000	89.200000,15.120000,0.000000
17.685	-88.010000,-73.490000,0.000000	-28.740000,-81.320000,0.000000	89.240000,16.570000,0.000000
17.819	-86.610000,-73.460000,0.000000	-28.310000,-81.610000,0.000000	89.150000,18.130000,0.000000
17.939	-85.290000,-73.410000,0.000000	-27.740000,-81.940000,0.000000	88.500000,19.000000,0.000000
18.074	-84.860000,-73.350000,0.000000	-27.200000,-82.030000,0.000000	88.370000,19.770000,0.000000
18.210	-84.320000,-73.380000,0.000000	-24.950000,-82.250000,0.000000	87.870000,20.600000,0.000000
18.330	-84.010000,-73.390000,0.000000	-23.040000,-82.370000,0.000000	87.010000,20.840000,0.000000
18.464	-83.660000,-73.510000,0.000000	-20.610000,-82.490000,0.000000	86.360000,21.380000,0.000000
18.599	-83.600000,-73.730000,0.000000	-17.620000,-82.400000,0.000000	85.540000,21.820000,0.000000
18.719	-82.720000,-73.610000,0.000000	-14.540000,-82.460000,0.000000	85.340000,21.990000,0.000000
18.854	-82.060000,-73.760000,0.000000	-12.020000,-82.540000,0.000000	85.340000,21.800000,0.000000
18.989	-81.800000,-73.740000,0.000000	-10.100000,-82.570000,0.000000	85.030000,21.800000,0.000000
19.109	-81.470000,-73.500000,0.000000	-8.090000,-82.680000,0.000000	85.050000,21.810000,0.000000
19.244	-81.310000,-73.450000,0.000000	-5.910000,-82.560000,0.000000	84.820000,21.460000,0.000000
19.380	-80.620000,-73.350000,0.000000	-3.050000,-82.500000,0.000000	84.490000,20.760000,0.000000
19.499	-79.960000,-73.300000,0.000000	0.460000,-82.250000,0.000000	84.300000,20.050000,0.000000
19.634	-79.430000,-73.280000,0.000000	3.760000,-81.960000,0.000000	84.110000,19.730000,0.000000
19.770	-78.990000,-72.740000,0.000000	7.110000,-81.840000,0.000000	84.160000,19.310000,0.000000
19.889	-78.180000,-72.780000,0.000000	9.560000,-81.700000,0.000000	84.200000,18.730000,0.000000
20.025	-77.750000,-72.830000,0.000000	11.610000,-81.680000,0.000000	84.400000,18.480000,0.000000
20.159	-77.340000,-72.960000,0.000000	14.590000,-81.560000,0.000000	84.510000,17.990000,0.000000
20.279	-77.350000,-73.120000,0.000000	15.630000,-81.470000,0.000000	84.480000,17.530000,0.000000
20.415	-77.130000,-73.270000,0.000000	17.210000,-81.600000,0.000000	84.650000,17.300000,0.000000
20.549	-77.000000,-73.220000,0.000000	20.180000,-81.390000,0.000000	84.760000,16.530000,0.000000
20.670	-77.100000,-73.220000,0.000000	21.240000,-81.440000,0.000000	84.320000,15.860000,0.000000
20.804	-76.900000,-73.270000,0.000000	22.170000,-81.150000,0.000000	84.170000,15.390000,0.000000
20.939	-77.420000,-73.590000,0.000000	23.070000,-81.040000,0.000000	84.050000,14.840000,0.000000
21.059	-77.780000,-73.760000,0.000000	22.800000,-80.860000,0.000000	84.330000,14.460000,0.000000
21.195	-78.660000,-73.810000,0.000000	23.000000,-80.830000,0.000000	84.340000,14.210000,0.000000
21.330	-78.630000,-74.010000,0.000000	23.460000,-80.600000,0.000000	84.380000,14.020000,0.000000
21.449	-79.160000,-73.880000,0.000000	22.230000,-80.690000,0.000000	84.480000,13.770000,0.000000
21.585	-79.180000,-73.960000,0.000000	22.980000,-80.960000,0.000000	84.560000,13.320000,0.000000
21.719	-79.310000,-73.940000,0.000000	22.310000,-81.080000,0.000000	84.360000,12.750000,0.000000
21.839	-79.940000,-73.920000,0.000000	21.210000,-81.320000,0.000000	83.950000,12.360000,0.000000
21.974	-80.630000,-74.110000,0.000000	21.410000,-81.300000,0.000000	83.860000,12.090000,0.000000
22.110	-80.790000,-74.120000,0.000000	21.730000,-81.390000,0.000000	83.570000,11.640000,0.000000
22.230	-80.710000,-74.310000,0.000000	22.910000,-81.590000,0.000000	83.560000,11.510000,0.000000
22.364	-81.140000,-74.600000,0.000000	24.650000,-81.640000,0.000000	83.390000,11.400000,0.000000
22.500	-81.940000,-74.630000,0.000000	24.530000,-81.710000,0.000000	83.110000,11.150000,0.000000
22.619	-82.520000,-74.760000,0.000000	24.820000,-81.930000,0.000000	83.280000,11.020000,0.000000
22.755	-82.830000,-75.110000,0.000000	25.300000,-82.000000,0.000000	83.410000,11.110000,0.000000
22.889	-82.020000,-75.250000,0.000000	24.720000,-82.130000,0.000000	83.840000,11.300000,0.000000
23.009	-81.470000,-75.520000,0.000000	26.000000,-82.270000,0.000000	84.060000,11.280000,0.000000
23.145	-81.360000,-75.390000,0.000000	24.900000,-82.220000,0.000000	84.560000,11.200000,0.000000
23.279	-81.040000,-75.500000,0.000000	25.230000,-82.370000,0.000000	84.330000,11.100000,0.000000
23.400	-81.390000,-75.300000,0.000000	24.860000,-82.310000,0.000000	84.420000,11.420000,0.000000
23.549	-79.830000,-75.280000,0.000000	26.890000,-82.150000,0.000000	84.750000,11.580000,0.000000
23.670	-79.850000,-75.320000,0.000000	27.450000,-82.320000,0.000000	85.020000,11.620000,0.000000
23.789	-79.160000,-75.610000,0.000000	28.800000,-82.320000,0.000000	85.110000,11.890000,0.000000
23.925	-79.030000,-75.800000,0.000000	29.680000,-82.550000,0.000000	85.370000,12.040000,0.000000
24.059	-78.410000,-75.980000,0.000000	31.260000,-82.700000,0.000000	85.690000,12.260000,0.000000
24.180	-78.070000,-76.170000,0.000000	32.960000,-82.740000,0.000000	86.230000,12.210000,0.000000
24.315	-77.800000,-76.180000,0.000000	34.930000,-82.850000,0.000000	86.490000,12.450000,0.000000
24.449	-76.830000,-76.370000,0.000000	36.510000,-82.750000,0.000000	86.540000,12.690000,0.000000
24.570	-76.740000,-76.320000,0.000000	37.540000,-82.710000,0.000000	86.930000,13.020000,0.000000
24.704	-76.570000,-76.290000,0.000000	39.640000,-82.590000,0.000000	87.150000,13.160000,0.000000
24.840	-76.090000,-76.520000,0.000000	41.400000,-82.550000,0.000000	87.180000,13.560000,0.000000
24.959	-75.400000,-76.640000,0.000000	43.620000,-82.610000,0.000000	87.110000,13.880000,0.000000
25.094	-75.030000,-76.650000,0.000000	43.060000,-82.620000,0.000000	87.470000,14.170000,0.000000
25.230	-74.730000,-76.730000,0.000000	44.800000,-82.620000,0.000000	87.740000,14.310000,0.000000
25.349	-73.810000,-76.660000,0.000000	45.840000,-82.570000,0.000000	88.180000,14.700000,0.000000
25.484	-74.220000,-76.640000,0.000000	47.450000,-82.680000,0.000000	88.040000,14.810000,0.000000
25.620	-73.240000,-76.840000,0.000000	48.130000,-82.570000,0.000000	87.720000,15.000000,0.000000
25.740	-74.850000,-76.980000,0.000000	50.060000,-82.170000,0.000000	87.480000,15.580000,0.000000
25.874	-74.210000,-77.170000,0.000000	55.370000,-81.370000,0.000000	86.900000,17.150000,0.000000
26.010	-71.060000,-77.250000,0.000000	60.580000,-79.810000,0.000000	86.210000,18.470000,0.000000
26.130	-67.460000,-77.090000,0.000000	65.250000,-77.760000,0.000000	85.410000,18.810000,0.000000
26.264	-62.580000,-77.110000,0.000000	68.750000,-74.910000,0.000000	84.580000,19.370000,0.000000
26.400	-57.730000,-77.030000,0.000000	73.180000,-71.130000,0.000000	83.230000,20.370000,0.000000
26.519	-51.660000,-76.720000,0.000000	77.260000,-65.590000,0.000000	82.890000,21.060000,0.000000
26.655	-46.160000,-76.100000,0.000000	80.520000,-59.820000,0.000000	83.390000,21.680000,0.000000
26.789	-40.080000,-75.140000,0.000000	83.330000,-53.140000,0.000000	83.780000,20.420000,0.000000
26.910	-34.600000,-73.800000,0.000000	86.310000,-47.000000,0.000000	84.460000,18.290000,0.000000
27.045	-29.860000,-72.480000,0.000000	89.370000,-39.780000,0.000000	85.280000,17.150000,0.000000
27.179	-22.430000,-71.270000,0.000000	91.760000,-33.070000,0.000000	86.610000,14.470000,0.000000
27.300	-16.770000,-70.460000,0.000000	94.040000,-26.920000,0.000000	87.450000,12.670000,0.000000
27.434	-12.020000,-69.880000,0.000000	95.850000,-21.340000,0.000000	88.040000,11.640000,0.000000
27.570	-8.640000,-69.370000,0.000000	97.200000,-16.900000,0.000000	88.530000,10.510000,0.000000
27.689	-5.370000,-68.970000,0.000000	98.310000,-12.960000,0.000000	89.010000,9.550000,0.000000
27.825	-3.120000,-68.600000,0.000000	99.090000,-9.730000,0.000000	89.410000,8.770000,0.000000
27.959	-1.290000,-68.470000,0.000000	99.560000,-7.020000,0.000000	89.830000,8.260000,0.000000
28.079	-0.130000,-68.610000,0.000000	99.980000,-5.070000,0.000000	90.320000,7.480000,0.000000
28.215	1.610000,-68.750000,0.000000	100.100000,-3.400000,0.000000	90.670000,7.180000,0.000000
28.349	2.590000,-68.870000,0.000000	100.210000,-2.290000,0.000000	90.790000,6.860000,0.000000
28.470	2.940000,-69.060000,0.000000	100.290000,-1.470000,0.000000	91.050000,6.530000,0.000000
28.604	3.680000,-69.170000,0.000000	100.200000,-0.770000,0.000000	91.200000,6.240000,0.000000
28.740	4.340000,-69.390000,0.000000	100.070000,-0.320000,0.000000	91.280000,5.890000,0.000000
28.859	4.430000,-69.580000,0.000000	99.740000,0.060000,0.000000	91.210000,5.740000,0.000000
28.994	4.520000,-69.770000,0.000000	99.250000,0.100000,0.000000	91.230000,5.510000,0.000000
29.130	4.400000,-69.960000,0.000000	98.950000,-0.040000,0.000000	91.280000,5.460000,0.000000
29.249	4.150000,-70.130000,0.000000	98.620000,-0.400000,0.000000	91.270000,5.380000,0.000000
29.384	3.510000,-70.310000,0.000000	98.080000,-0.880000,0.000000	91.240000,5.470000,0.000000
29.519	3.250000,-70.230000,0.000000	97.450000,-1.370000,0.000000	91.230000,5.480000,0.000000
29.640	2.590000,-70.430000,0.000000	97.100000,-2.000000,0.000000	91.220000,5.610000,0.000000
29.774	2.480000,-70.760000,0.000000	96.530000,-2.560000,0.000000	91.220000,5.620000,0.000000
29.910	2.160000,-71.010000,0.000000	96.050000,-3.210000,0.000000	91.190000,5.760000,0.000000
