time	pelvis_imu	femur_r_imu	tibia_r_imu	femur_l_imu	tibia_l_imu
0.00000	-3.110000,-82.000000,0.000000	94.460000,10.770000,0.000000	90.660000,-8.830000,0.000000	94.460000,10.770000,0.000000	90.660000,-8.830000,0.000000
0.04352	-2.590000,-81.990000,0.000000	94.480000,10.960000,0.000000	90.620000,-8.710000,0.000000	94.460000,10.770000,0.000000	90.660000,-8.830000,0.000000
0.10616	-2.220000,-82.140000,0.000000	94.510000,10.990000,0.000000	90.590000,-8.540000,0.000000	94.460000,10.770000,0.000000	90.660000,-8.830000,0.000000
0.13085	-2.500000,-82.230000,0.000000	94.560000,10.980000,0.000000	90.590000,-8.500000,0.000000	94.460000,10.770000,0.000000	90.660000,-8.830000,0.000000
0.17674	-2.510000,-82.240000,0.000000	94.600000,10.890000,0.000000	90.580000,-8.570000,0.000000	94.460000,10.770000,0.000000	90.660000,-8.830000,0.000000
0.22600	-2.440000,-82.140000,0.000000	94.590000,10.860000,0.000000	90.590000,-8.640000,0.000000	94.460000,10.770000,0.000000	90.660000,-8.830000,0.000000
0.25866	-2.600000,-82.110000,0.000000	94.590000,10.790000,0.000000	90.670000,-8.770000,0.000000	94.460000,10.770000,0.000000	90.660000,-8.830000,0.000000
0.30747	-2.700000,-81.960000,0.000000	94.640000,10.910000,0.000000	90.700000,-8.690000,0.000000	94.460000,10.770000,0.000000	90.660000,-8.830000,0.000000
0.35850	-2.700000,-82.090000,0.000000	94.660000,11.040000,0.000000	90.700000,-8.580000,0.000000	94.460000,10.770000,0.000000	90.660000,-8.830000,0.000000
0.40577	-2.650000,-82.230000,0.000000	94.640000,11.180000,0.000000	90.660000,-8.420000,0.000000	94.460000,10.770000,0.000000	90.660000,-8.830000,0.000000
0.44440	-2.170000,-82.220000,0.000000	94.640000,11.160000,0.000000	90.690000,-8.490000,0.000000	94.460000,10.770000,0.000000	90.660000,-8.830000,0.000000
0.49301	-2.750000,-82.120000,0.000000	94.670000,11.110000,0.000000	90.780000,-8.570000,0.000000	94.460000,10.770000,0.000000	90.660000,-8.830000,0.000000
0.54031	-3.050000,-82.150000,0.000000	94.750000,11.170000,0.000000	90.830000,-8.600000,0.000000	94.460000,10.770000,0.000000	90.660000,-8.830000,0.000000
0.57574	-2.980000,-82.190000,0.000000	94.760000,11.250000,0.000000	90.830000,-8.450000,0.000000	94.460000,10.770000,0.000000	90.660000,-8.830000,0.000000
0.62629	-2.040000,-82.250000,0.000000	94.830000,11.350000,0.000000	90.900000,-8.370000,0.000000	94.460000,10.770000,0.000000	90.660000,-8.830000,0.000000
0.69030	-1.690000,-82.190000,0.000000	94.850000,11.410000,0.000000	90.880000,-8.300000,0.000000	94.460000,10.770000,0.000000	90.660000,-8.830000,0.000000
0.70948	-1.530000,-82.060000,0.000000	94.880000,11.450000,0.000000	90.950000,-8.300000,0.000000	94.460000,10.770000,0.000000	90.660000,-8.830000,0.000000
0.75926	-1.500000,-82.060000,0.000000	94.870000,11.490000,0.000000	91.050000,-8.250000,0.000000	94.460000,10.770000,0.000000	90.660000,-8.830000,0.000000
0.80975	-1.150000,-82.110000,0.000000	94.950000,11.510000,0.000000	91.150000,-8.150000,0.000000	94.460000,10.770000,0.000000	90.660000,-8.830000,0.000000
0.85540	-1.120000,-82.090000,0.000000	94.990000,11.630000,0.000000	91.220000,-8.150000,0.000000	94.460000,10.770000,0.000000	90.660000,-8.830000,0.000000
0.89891	-1.370000,-82.080000,0.000000	95.010000,11.640000,0.000000	91.200000,-8.180000,0.000000	94.460000,10.770000,0.000000	90.660000,-8.830000,0.000000
0.94401	-0.910000,-82.040000,0.000000	95.010000,11.670000,0.000000	91.240000,-8.230000,0.000000	94.460000,10.770000,0.000000	90.660000,-8.830000,0.000000
0.99207	-0.310000,-82.070000,0.000000	95.060000,11.670000,0.000000	91.260000,-8.260000,0.000000	94.460000,10.770000,0.000000	90.660000,-8.830000,0.000000
1.04232	-0.000000,-82.100000,0.000000	95.110000,11.700000,0.000000	91.330000,-8.270000,0.000000	94.460000,10.770000,0.000000	90.660000,-8.830000,0.000000
1.07489	0.100000,-82.070000,0.000000	95.170000,11.750000,0.000000	91.330000,-8.160000,0.000000	94.460000,10.770000,0.000000	90.660000,-8.830000,0.000000
1.14043	0.840000,-82.020000,0.000000	95.240000,11.820000,0.000000	91.280000,-8.150000,0.000000	94.460000,10.770000,0.000000	90.660000,-8.830000,0.000000
1.16490	1.420000,-82.000000,0.000000	95.330000,11.850000,0.000000	91.310000,-8.100000,0.000000	94.460000,10.770000,0.000000	90.660000,-8.830000,0.000000
1.22822	1.950000,-81.970000,0.000000	95.410000,11.980000,0.000000	91.280000,-7.990000,0.000000	94.460000,10.770000,0.000000	90.660000,-8.830000,0.000000
1.26029	2.510000,-81.980000,0.000000	95.480000,12.050000,0.000000	91.300000,-8.000000,0.000000	94.460000,10.770000,0.000000	90.660000,-8.830000,0.000000
1.33206	3.170000,-82.010000,0.000000	95.580000,12.120000,0.000000	91.380000,-7.900000,0.000000	94.460000,10.770000,0.000000	90.660000,-8.830000,0.000000
1.39542	3.450000,-81.960000,0.000000	95.700000,12.190000,0.000000	91.290000,-7.820000,0.000000	94.460000,10.770000,0.000000	90.660000,-8.830000,0.000000
1.39752	4.000000,-81.980000,0.000000	95.800000,12.250000,0.000000	91.290000,-7.800000,0.000000	94.460000,10.770000,0.000000	90.660000,-8.830000,0.000000
1.45566	3.990000,-82.000000,0.000000	95.860000,12.270000,0.000000	91.340000,-7.790000,0.000000	94.460000,10.770000,0.000000	90.660000,-8.830000,0.000000
1.50898	4.520000,-81.970000,0.000000	95.930000,12.320000,0.000000	91.400000,-7.670000,0.000000	94.460000,10.770000,0.000000	90.660000,-8.830000,0.000000
1.57511	4.780000,-81.970000,0.000000	96.020000,12.330000,0.000000	91.440000,-7.640000,0.000000	94.460000,10.770000,0.000000	90.660000,-8.830000,0.000000
1.57748	5.280000,-81.900000,0.000000	96.030000,12.330000,0.000000	91.460000,-7.580000,0.000000	94.460000,10.770000,0.000000	90.660000,-8.830000,0.000000
1.62633	5.480000,-81.880000,0.000000	96.100000,12.350000,0.000000	91.510000,-7.520000,0.000000	94.460000,10.770000,0.000000	90.660000,-8.830000,0.000000
1.69423	5.610000,-81.890000,0.000000	96.100000,12.340000,0.000000	91.530000,-7.420000,0.000000	94.460000,10.770000,0.000000	90.660000,-8.830000,0.000000
1.75943	5.940000,-81.870000,0.000000	96.150000,12.290000,0.000000	91.600000,-7.410000,0.000000	94.460000,10.770000,0.000000	90.660000,-8.830000,0.000000
1.76140	6.070000,-81.820000,0.000000	96.170000,12.300000,0.000000	91.580000,-7.370000,0.000000	94.460000,10.770000,0.000000	90.660000,-8.830000,0.000000
1.81000	6.150000,-81.840000,0.000000	96.220000,12.350000,0.000000	91.570000,-7.260000,0.000000	94.460000,10.770000,0.000000	90.660000,-8.830000,0.000000
1.87512	6.490000,-81.890000,0.000000	96.210000,12.350000,0.000000	91.610000,-7.090000,0.000000	94.460000,10.770000,0.000000	90.660000,-8.830000,0.000000
1.92513	6.560000,-81.850000,0.000000	96.240000,12.390000,0.000000	91.610000,-7.030000,0.000000	94.460000,10.770000,0.000000	90.660000,-8.830000,0.000000
1.93766	6.510000,-81.790000,0.000000	96.290000,12.400000,0.000000	91.670000,-6.950000,0.000000	94.460000,10.770000,0.000000	90.660000,-8.830000,0.000000
1.99280	6.790000,-81.750000,0.000000	96.340000,12.420000,0.000000	91.680000,-6.950000,0.000000	94.460000,10.770000,0.000000	90.660000,-8.830000,0.000000
2.04414	7.170000,-81.740000,0.000000	96.410000,12.430000,0.000000	91.670000,-6.860000,0.000000	94.460000,10.770000,0.000000	90.660000,-8.830000,0.000000
2.11459	7.110000,-81.730000,0.000000	96.410000,12.460000,0.000000	91.690000,-6.790000,0.000000	94.460000,10.770000,0.000000	90.660000,-8.830000,0.000000
2.11733	7.270000,-81.750000,0.000000	96.370000,12.460000,0.000000	91.720000,-6.870000,0.000000	94.460000,10.770000,0.000000	90.660000,-8.830000,0.000000
2.17560	7.230000,-81.790000,0.000000	96.390000,12.480000,0.000000	91.770000,-6.870000,0.000000	94.460000,10.770000,0.000000	90.660000,-8.830000,0.000000
2.22573	7.400000,-81.850000,0.000000	96.390000,12.500000,0.000000	91.810000,-6.820000,0.000000	94.460000,10.770000,0.000000	90.660000,-8.830000,0.000000
2.29275	8.060000,-81.820000,0.000000	96.390000,12.500000,0.000000	91.830000,-6.810000,0.000000	94.460000,10.770000,0.000000	90.660000,-8.830000,0.000000
2.29794	8.380000,-81.840000,0.000000	96.340000,12.460000,0.000000	91.860000,-6.800000,0.000000	94.460000,10.770000,0.000000	90.660000,-8.830000,0.000000
2.34316	8.360000,-81.870000,0.000000	96.430000,12.460000,0.000000	91.860000,-6.770000,0.000000	94.460000,10.770000,0.000000	90.660000,-8.830000,0.000000
2.41041	8.590000,-81.930000,0.000000	96.480000,12.470000,0.000000	91.850000,-6.760000,0.000000	94.460000,10.770000,0.000000	90.660000,-8.830000,0.000000
2.47463	8.290000,-81.980000,0.000000	96.510000,12.500000,0.000000	91.830000,-6.720000,0.000000	94.460000,10.770000,0.000000	90.660000,-8.830000,0.000000
2.47721	8.150000,-81.990000,0.000000	96.510000,12.500000,0.000000	91.850000,-6.770000,0.000000	94.460000,10.770000,0.000000	90.660000,-8.830000,0.000000
2.52663	7.970000,-82.020000,0.000000	96.540000,12.490000,0.000000	91.800000,-6.810000,0.000000	94.460000,10.770000,0.000000	90.660000,-8.830000,0.000000
2.59189	8.130000,-82.050000,0.000000	96.510000,12.450000,0.000000	91.800000,-6.840000,0.000000	94.460000,10.770000,0.000000	90.660000,-8.830000,0.000000
2.64833	8.590000,-82.150000,0.000000	96.500000,12.400000,0.000000	91.880000,-6.810000,0.000000	94.460000,10.770000,0.000000	90.660000,-8.830000,0.000000
2.65883	8.210000,-82.160000,0.000000	96.540000,12.320000,0.000000	91.920000,-6.920000,0.000000	94.460000,10.770000,0.000000	90.660000,-8.830000,0.000000
2.71328	8.750000,-82.090000,0.000000	96.540000,12.330000,0.000000	91.950000,-6.870000,0.000000	94.460000,10.770000,0.000000	90.660000,-8.830000,0.000000
2.77559	8.790000,-82.080000,0.000000	96.500000,12.360000,0.000000	91.850000,-6.880000,0.000000	94.460000,10.770000,0.000000	90.660000,-8.830000,0.000000
2.82489	8.970000,-82.040000,0.000000	96.440000,12.350000,0.000000	91.810000,-6.950000,0.000000	94.460000,10.770000,0.000000	90.660000,-8.830000,0.000000
2.89102	8.620000,-82.030000,0.000000	96.390000,12.280000,0.000000	91.790000,-6.900000,0.000000	94.460000,10.770000,0.000000	90.660000,-8.830000,0.000000
2.89732	8.360000,-82.120000,0.000000	96.380000,12.300000,0.000000	91.670000,-6.950000,0.000000	94.460000,10.770000,0.000000	90.660000,-8.830000,0.000000
2.94166	8.570000,-82.170000,0.000000	96.340000,12.350000,0.000000	91.660000,-6.970000,0.000000	94.460000,10.770000,0.000000	90.660000,-8.830000,0.000000
3.01494	8.740000,-82.120000,0.000000	96.330000,12.350000,0.000000	91.660000,-6.910000,0.000000	94.460000,10.770000,0.000000	90.660000,-8.830000,0.000000
3.07522	7.950000,-82.130000,0.000000	96.270000,12.330000,0.000000	91.660000,-6.980000,0.000000	94.460000,10.770000,0.000000	90.660000,-8.830000,0.000000
3.07789	8.060000,-82.050000,0.000000	96.230000,12.360000,0.000000	91.620000,-7.020000,0.000000	94.460000,10.770000,0.000000	90.660000,-8.830000,0.000000
3.12671	7.490000,-82.100000,0.000000	96.190000,12.420000,0.000000	91.570000,-7.030000,0.000000	94.460000,10.770000,0.000000	90.660000,-8.830000,0.000000
3.19212	7.020000,-82.100000,0.000000	96.080000,12.400000,0.000000	91.500000,-7.020000,0.000000	94.460000,10.770000,0.000000	90.660000,-8.830000,0.000000
3.19746	6.490000,-82.070000,0.000000	96.020000,12.520000,0.000000	91.480000,-6.960000,0.000000	94.460000,10.770000,0.000000	90.660000,-8.830000,0.000000
3.25241	6.350000,-82.090000,0.000000	95.960000,12.510000,0.000000	91.460000,-6.950000,0.000000	94.460000,10.770000,0.000000	90.660000,-8.830000,0.000000
3.31428	6.150000,-82.080000,0.000000	95.940000,12.490000,0.000000	91.440000,-6.970000,0.000000	94.460000,10.770000,0.000000	90.660000,-8.830000,0.000000
3.37545	6.480000,-82.120000,0.000000	95.930000,12.540000,0.000000	91.490000,-7.090000,0.000000	94.460000,10.770000,0.000000	90.660000,-8.830000,0.000000
3.37768	6.330000,-82.100000,0.000000	95.910000,12.430000,0.000000	91.500000,-7.020000,0.000000	94.460000,10.770000,0.000000	90.660000,-8.830000,0.000000
3.43102	5.970000,-82.110000,0.000000	95.890000,12.470000,0.000000	91.400000,-6.920000,0.000000	94.460000,10.770000,0.000000	90.660000,-8.830000,0.000000
3.49441	5.770000,-82.100000,0.000000	95.870000,12.550000,0.000000	91.370000,-6.760000,0.000000	94.460000,10.770000,0.000000	90.660000,-8.830000,0.000000
3.61339	6.120000,-82.110000,0.000000	95.870000,12.560000,0.000000	91.370000,-6.720000,0.000000	94.460000,10.770000,0.000000	90.660000,-8.830000,0.000000
3.61705	5.470000,-82.150000,0.000000	95.840000,12.570000,0.000000	91.410000,-6.700000,0.000000	94.460000,10.770000,0.000000	90.660000,-8.830000,0.000000
3.61915	5.460000,-82.140000,0.000000	95.840000,12.540000,0.000000	91.410000,-6.730000,0.000000	94.460000,10.770000,0.000000	90.660000,-8.830000,0.000000
3.67605	5.440000,-82.130000,0.000000	95.800000,12.530000,0.000000	91.370000,-6.750000,0.000000	94.460000,10.770000,0.000000	90.660000,-8.830000,0.000000
3.72608	5.460000,-82.170000,0.000000	95.750000,12.490000,0.000000	91.340000,-6.780000,0.000000	94.460000,10.770000,0.000000	90.660000,-8.830000,0.000000
3.73803	5.300000,-82.120000,0.000000	95.730000,12.430000,0.000000	91.300000,-6.810000,0.000000	94.460000,10.770000,0.000000	90.660000,-8.830000,0.000000
3.79306	5.040000,-82.090000,0.000000	95.740000,12.410000,0.000000	91.280000,-6.890000,0.000000	94.460000,10.770000,0.000000	90.660000,-8.830000,0.000000
3.84267	5.070000,-82.060000,0.000000	95.760000,12.380000,0.000000	91.230000,-6.910000,0.000000	94.460000,10.770000,0.000000	90.660000,-8.830000,0.000000
3.90843	5.580000,-82.070000,0.000000	95.770000,12.410000,0.000000	91.180000,-6.910000,0.000000	94.460000,10.770000,0.000000	90.660000,-8.830000,0.000000
3.91695	5.400000,-82.000000,0.000000	95.770000,12.390000,0.000000	91.160000,-6.890000,0.000000	94.460000,10.770000,0.000000	90.660000,-8.830000,0.000000
3.97618	5.220000,-81.960000,0.000000	95.770000,12.350000,0.000000	91.140000,-6.950000,0.000000	94.460000,10.770000,0.000000	90.660000,-8.830000,0.000000
4.03214	4.920000,-82.050000,0.000000	95.800000,12.410000,0.000000	91.160000,-6.900000,0.000000	94.460000,10.770000,0.000000	90.660000,-8.830000,0.000000
4.09263	4.990000,-82.080000,0.000000	95.810000,12.400000,0.000000	91.160000,-6.960000,0.000000	94.460000,10.770000,0.000000	90.660000,-8.830000,0.000000
4.09737	5.020000,-82.100000,0.000000	95.810000,12.410000,0.000000	91.110000,-6.980000,0.000000	94.460000,10.770000,0.000000	90.660000,-8.830000,0.000000
4.14462	4.970000,-82.150000,0.000000	95.810000,12.360000,0.000000	91.170000,-7.060000,0.000000	94.460000,10.770000,0.000000	90.660000,-8.830000,0.000000
4.21000	4.550000,-82.160000,0.000000	95.850000,12.380000,0.000000	91.200000,-7.070000,0.000000	94.460000,10.770000,0.000000	90.660000,-8.830000,0.000000
4.27595	4.400000,-82.190000,0.000000	95.830000,12.370000,0.000000	91.140000,-7.160000,0.000000	94.460000,10.770000,0.000000	90.660000,-8.830000,0.000000
4.27791	4.650000,-82.160000,0.000000	95.820000,12.390000,0.000000	91.200000,-7.110000,0.000000	94.460000,10.770000,0.000000	90.660000,-8.830000,0.000000
4.32544	4.170000,-82.230000,0.000000	95.830000,12.400000,0.000000	91.120000,-7.110000,0.000000	94.460000,10.770000,0.000000	90.660000,-8.830000,0.000000
4.45462	4.330000,-82.330000,0.000000	95.810000,12.370000,0.000000	91.130000,-7.130000,0.000000	94.460000,10.770000,0.000000	90.660000,-8.830000,0.000000
4.45712	4.020000,-82.320000,0.000000	95.880000,12.320000,0.000000	91.110000,-7.130000,0.000000	94.460000,10.770000,0.000000	90.660000,-8.830000,0.000000
4.45917	4.270000,-82.310000,0.000000	95.900000,12.420000,0.000000	91.140000,-7.140000,0.000000	94.460000,10.770000,0.000000	90.660000,-8.830000,0.000000
4.50913	4.600000,-82.370000,0.000000	95.940000,12.400000,0.000000	91.100000,-7.160000,0.000000	94.460000,10.770000,0.000000	90.660000,-8.830000,0.000000
4.57588	4.410000,-82.340000,0.000000	95.970000,12.410000,0.000000	91.140000,-7.140000,0.000000	94.460000,10.770000,0.000000	90.660000,-8.830000,0.000000
4.62639	4.300000,-82.350000,0.000000	95.960000,12.430000,0.000000	91.170000,-7.130000,0.000000	94.460000,10.770000,0.000000	90.660000,-8.830000,0.000000
4.69304	4.760000,-82.360000,0.000000	95.950000,12.500000,0.000000	91.120000,-7.110000,0.000000	94.460000,10.770000,0.000000	90.660000,-8.830000,0.000000
4.69720	4.740000,-82.360000,0.000000	95.930000,12.440000,0.000000	91.080000,-7.110000,0.000000	94.460000,10.770000,0.000000	90.660000,-8.830000,0.000000
4.75564	4.560000,-82.370000,0.000000	95.930000,12.360000,0.000000	91.120000,-7.140000,0.000000	94.460000,10.770000,0.000000	90.660000,-8.830000,0.000000
4.80976	4.490000,-82.430000,0.000000	95.920000,12.320000,0.000000	91.110000,-7.280000,0.000000	94.460000,10.770000,0.000000	90.660000,-8.830000,0.000000
4.81708	4.350000,-82.430000,0.000000	95.900000,12.290000,0.000000	91.090000,-7.270000,0.000000	94.460000,10.770000,0.000000	90.660000,-8.830000,0.000000
4.87818	4.200000,-82.470000,0.000000	95.890000,12.340000,0.000000	91.070000,-7.290000,0.000000	94.460000,10.770000,0.000000	90.660000,-8.830000,0.000000
4.92592	4.090000,-82.480000,0.000000	95.900000,12.390000,0.000000	91.130000,-7.330000,0.000000	94.460000,10.770000,0.000000	90.660000,-8.830000,0.000000
4.99328	4.110000,-82.490000,0.000000	95.910000,12.390000,0.000000	91.160000,-7.370000,0.000000	94.460000,10.770000,0.000000	90.660000,-8.830000,0.000000
4.99760	3.970000,-82.470000,0.000000	95.880000,12.370000,0.000000	91.160000,-7.320000,0.000000	94.460000,10.770000,0.000000	90.660000,-8.830000,0.000000
5.05183	4.150000,-82.480000,0.000000	95.910000,12.410000,0.000000	91.210000,-7.340000,0.000000	94.460000,10.770000,0.000000	90.660000,-8.830000,0.000000
5.10920	4.340000,-82.480000,0.000000	95.920000,12.400000,0.000000	91.250000,-7.310000,0.000000	94.460000,10.770000,0.000000	90.660000,-8.830000,0.000000
5.17530	4.410000,-82.480000,0.000000	95.940000,12.400000,0.000000	91.320000,-7.250000,0.000000	94.460000,10.770000,0.000000	90.660000,-8.830000,0.000000
5.17785	4.370000,-82.550000,0.000000	95.970000,12.450000,0.000000	91.350000,-7.290000,0.000000	94.460000,10.770000,0.000000	90.660000,-8.830000,0.000000
5.22548	4.660000,-82.530000,0.000000	95.970000,12.450000,0.000000	91.360000,-7.230000,0.000000	94.460000,10.770000,0.000000	90.660000,-8.830000,0.000000
5.29446	4.730000,-82.480000,0.000000	96.010000,12.380000,0.000000	91.370000,-7.310000,0.000000	94.460000,10.770000,0.000000	90.660000,-8.830000,0.000000
5.35552	4.950000,-82.470000,0.000000	96.080000,12.430000,0.000000	91.470000,-7.370000,0.000000	94.460000,10.770000,0.000000	90.660000,-8.830000,0.000000
5.35745	5.240000,-82.450000,0.000000	96.150000,12.390000,0.000000	91.450000,-7.330000,0.000000	94.460000,10.770000,0.000000	90.660000,-8.830000,0.000000
5.41180	5.310000,-82.410000,0.000000	96.180000,12.380000,0.000000	91.460000,-7.340000,0.000000	94.460000,10.770000,0.000000	90.660000,-8.830000,0.000000
5.47632	5.340000,-82.420000,0.000000	96.190000,12.400000,0.000000	91.520000,-7.300000,0.000000	94.460000,10.770000,0.000000	90.660000,-8.830000,0.000000
5.52521	5.460000,-82.360000,0.000000	96.210000,12.390000,0.000000	91.530000,-7.360000,0.000000	94.460000,10.770000,0.000000	90.660000,-8.830000,0.000000
5.53722	5.640000,-82.350000,0.000000	96.210000,12.420000,0.000000	91.580000,-7.330000,0.000000	94.460000,10.770000,0.000000	90.660000,-8.830000,0.000000
5.59797	5.930000,-82.360000,0.000000	96.220000,12.390000,0.000000	91.640000,-7.300000,0.000000	94.460000,10.770000,0.000000	90.660000,-8.830000,0.000000
5.65533	6.030000,-82.340000,0.000000	96.290000,12.360000,0.000000	91.610000,-7.290000,0.000000	94.460000,10.770000,0.000000	90.660000,-8.830000,0.000000
5.71537	6.250000,-82.320000,0.000000	96.320000,12.420000,0.000000	91.620000,-7.250000,0.000000	94.460000,10.770000,0.000000	90.660000,-8.830000,0.000000
5.71702	6.290000,-82.280000,0.000000	96.380000,12.480000,0.000000	91.650000,-7.240000,0.000000	94.460000,10.770000,0.000000	90.660000,-8.830000,0.000000
5.77512	6.460000,-82.330000,0.000000	96.430000,12.560000,0.000000	91.690000,-7.210000,0.000000	94.460000,10.770000,0.000000	90.660000,-8.830000,0.000000
5.82569	6.300000,-82.320000,0.000000	96.490000,12.560000,0.000000	91.750000,-7.210000,0.000000	94.460000,10.770000,0.000000	90.660000,-8.830000,0.000000
5.89377	6.570000,-82.230000,0.000000	96.500000,12.460000,0.000000	91.720000,-7.200000,0.000000	94.460000,10.770000,0.000000	90.660000,-8.830000,0.000000
5.89731	6.450000,-82.230000,0.000000	96.560000,12.500000,0.000000	91.710000,-7.200000,0.000000	94.460000,10.770000,0.000000	90.660000,-8.830000,0.000000
5.95483	6.170000,-82.270000,0.000000	96.570000,12.490000,0.000000	91.780000,-7.090000,0.000000	94.460000,10.770000,0.000000	90.660000,-8.830000,0.000000
6.00802	6.450000,-82.230000,0.000000	96.560000,12.490000,0.000000	91.840000,-7.080000,0.000000	94.460000,10.770000,0.000000	90.660000,-8.830000,0.000000
6.07506	6.380000,-82.180000,0.000000	96.580000,12.450000,0.000000	91.900000,-7.050000,0.000000	94.460000,10.770000,0.000000	90.660000,-8.830000,0.000000
6.07871	6.110000,-82.140000,0.000000	96.640000,12.440000,0.000000	91.890000,-7.090000,0.000000	94.460000,10.770000,0.000000	90.660000,-8.830000,0.000000
6.13126	6.380000,-82.090000,0.000000	96.650000,12.450000,0.000000	91.910000,-7.060000,0.000000	94.460000,10.770000,0.000000	90.660000,-8.830000,0.000000
6.19199	6.950000,-82.060000,0.000000	96.670000,12.420000,0.000000	91.940000,-7.010000,0.000000	94.460000,10.770000,0.000000	90.660000,-8.830000,0.000000
6.24385	6.630000,-82.090000,0.000000	96.640000,12.390000,0.000000	91.940000,-6.930000,0.000000	94.460000,10.770000,0.000000	90.660000,-8.830000,0.000000
6.25803	6.980000,-82.030000,0.000000	96.630000,12.370000,0.000000	91.980000,-6.960000,0.000000	94.460000,10.770000,0.000000	90.660000,-8.830000,0.000000
6.30887	7.270000,-82.040000,0.000000	96.610000,12.380000,0.000000	91.990000,-6.980000,0.000000	94.460000,10.770000,0.000000	90.660000,-8.830000,0.000000
6.37539	7.530000,-82.080000,0.000000	96.600000,12.360000,0.000000	92.060000,-6.980000,0.000000	94.460000,10.770000,0.000000	90.660000,-8.830000,0.000000
6.43263	7.290000,-82.140000,0.000000	96.640000,12.280000,0.000000	92.110000,-6.910000,0.000000	94.460000,10.770000,0.000000	90.660000,-8.830000,0.000000
6.43746	7.220000,-82.150000,0.000000	96.640000,12.220000,0.000000	92.140000,-6.930000,0.000000	94.460000,10.770000,0.000000	90.660000,-8.830000,0.000000
6.49257	6.880000,-82.100000,0.000000	96.630000,12.230000,0.000000	92.140000,-6.860000,0.000000	94.460000,10.770000,0.000000	90.660000,-8.830000,0.000000
6.54582	7.030000,-82.110000,0.000000	96.620000,12.280000,0.000000	92.120000,-6.800000,0.000000	94.460000,10.770000,0.000000	90.660000,-8.830000,0.000000
6.60905	7.210000,-82.120000,0.000000	96.640000,12.330000,0.000000	92.150000,-6.790000,0.000000	94.460000,10.770000,0.000000	90.660000,-8.830000,0.000000
6.61791	7.120000,-82.160000,0.000000	96.650000,12.320000,0.000000	92.130000,-6.790000,0.000000	94.460000,10.770000,0.000000	90.660000,-8.830000,0.000000
6.67367	7.520000,-82.140000,0.000000	96.670000,12.270000,0.000000	92.110000,-6.800000,0.000000	94.460000,10.770000,0.000000	90.660000,-8.830000,0.000000
6.72670	7.700000,-82.160000,0.000000	96.680000,12.300000,0.000000	92.150000,-6.760000,0.000000	94.460000,10.770000,0.000000	90.660000,-8.830000,0.000000
6.79405	8.010000,-82.170000,0.000000	96.750000,12.320000,0.000000	92.140000,-6.790000,0.000000	94.460000,10.770000,0.000000	90.660000,-8.830000,0.000000
6.79767	8.170000,-82.180000,0.000000	96.750000,12.350000,0.000000	92.210000,-6.830000,0.000000	94.460000,10.770000,0.000000	90.660000,-8.830000,0.000000
6.85563	8.440000,-82.200000,0.000000	96.720000,12.350000,0.000000	92.210000,-6.850000,0.000000	94.460000,10.770000,0.000000	90.660000,-8.830000,0.000000
6.91122	8.380000,-82.200000,0.000000	96.730000,12.400000,0.000000	92.230000,-6.860000,0.000000	94.460000,10.770000,0.000000	90.660000,-8.830000,0.000000
6.97627	8.170000,-82.160000,0.000000	96.740000,12.420000,0.000000	92.200000,-6.810000,0.000000	94.460000,10.770000,0.000000	90.660000,-8.830000,0.000000
6.97855	8.300000,-82.160000,0.000000	96.740000,12.420000,0.000000	92.240000,-6.790000,0.000000	94.460000,10.770000,0.000000	90.660000,-8.830000,0.000000
7.02584	9.210000,-82.170000,0.000000	96.770000,12.390000,0.000000	92.280000,-6.790000,0.000000	94.460000,10.770000,0.000000	90.660000,-8.830000,0.000000
7.09548	9.560000,-82.150000,0.000000	96.750000,12.360000,0.000000	92.260000,-6.800000,0.000000	94.460000,10.770000,0.000000	90.660000,-8.830000,0.000000
7.15598	10.330000,-82.120000,0.000000	96.790000,12.300000,0.000000	92.300000,-6.920000,0.000000	94.460000,10.770000,0.000000	90.660000,-8.830000,0.000000
7.15769	10.330000,-81.990000,0.000000	96.770000,12.330000,0.000000	92.320000,-6.940000,0.000000	94.460000,10.770000,0.000000	90.660000,-8.830000,0.000000
7.21446	10.630000,-81.960000,0.000000	96.740000,12.390000,0.000000	92.330000,-6.970000,0.000000	94.460000,10.770000,0.000000	90.660000,-8.830000,0.000000
7.27571	10.280000,-81.920000,0.000000	96.750000,12.420000,0.000000	92.300000,-6.980000,0.000000	94.460000,10.770000,0.000000	90.660000,-8.830000,0.000000
7.32528	10.120000,-81.880000,0.000000	96.750000,12.430000,0.000000	92.300000,-6.990000,0.000000	94.460000,10.770000,0.000000	90.660000,-8.830000,0.000000
7.33742	9.610000,-81.830000,0.000000	96.700000,12.400000,0.000000	92.270000,-6.980000,0.000000	94.460000,10.770000,0.000000	90.660000,-8.830000,0.000000
7.39393	9.290000,-81.830000,0.000000	96.720000,12.390000,0.000000	92.240000,-7.020000,0.000000	94.460000,10.770000,0.000000	90.660000,-8.830000,0.000000
7.44278	8.960000,-81.830000,0.000000	96.700000,12.340000,0.000000	92.230000,-6.960000,0.000000	94.460000,10.770000,0.000000	90.660000,-8.830000,0.000000
7.50954	9.180000,-81.790000,0.000000	96.710000,12.300000,0.000000	92.180000,-6.930000,0.000000	94.460000,10.770000,0.000000	90.660000,-8.830000,0.000000
7.51749	9.110000,-81.770000,0.000000	96.700000,12.340000,0.000000	92.150000,-6.880000,0.000000	94.460000,10.770000,0.000000	90.660000,-8.830000,0.000000
7.57483	8.940000,-81.700000,0.000000	96.660000,12.350000,0.000000	92.120000,-6.880000,0.000000	94.460000,10.770000,0.000000	90.660000,-8.830000,0.000000
7.63146	8.740000,-81.700000,0.000000	96.620000,12.420000,0.000000	92.140000,-6.900000,0.000000	94.460000,10.770000,0.000000	90.660000,-8.830000,0.000000
7.69417	8.330000,-81.720000,0.000000	96.630000,12.460000,0.000000	92.160000,-6.850000,0.000000	94.460000,10.770000,0.000000	90.660000,-8.830000,0.000000
7.69760	8.640000,-81.720000,0.000000	96.620000,12.510000,0.000000	92.210000,-6.810000,0.000000	94.460000,10.770000,0.000000	90.660000,-8.830000,0.000000
7.75311	8.180000,-81.760000,0.000000	96.660000,12.400000,0.000000	92.170000,-6.940000,0.000000	94.460000,10.770000,0.000000	90.660000,-8.830000,0.000000
7.81555	8.200000,-81.770000,0.000000	96.690000,12.320000,0.000000	92.160000,-6.980000,0.000000	94.460000,10.770000,0.000000	90.660000,-8.830000,0.000000
7.87417	8.090000,-81.780000,0.000000	96.680000,12.350000,0.000000	92.150000,-6.940000,0.000000	94.460000,10.770000,0.000000	90.660000,-8.830000,0.000000
7.93540	8.490000,-81.800000,0.000000	96.660000,12.410000,0.000000	92.210000,-6.950000,0.000000	94.460000,10.770000,0.000000	90.660000,-8.830000,0.000000
7.93748	8.270000,-81.810000,0.000000	96.640000,12.350000,0.000000	92.240000,-6.990000,0.000000	94.460000,10.770000,0.000000	90.660000,-8.830000,0.000000
7.99090	8.380000,-81.700000,0.000000	96.650000,12.390000,0.000000	92.190000,-6.970000,0.000000	94.460000,10.770000,0.000000	90.660000,-8.830000,0.000000
8.05364	8.210000,-81.710000,0.000000	96.660000,12.420000,0.000000	92.150000,-6.960000,0.000000	94.460000,10.770000,0.000000	90.660000,-8.830000,0.000000
8.05745	8.480000,-81.800000,0.000000	96.640000,12.470000,0.000000	92.100000,-6.900000,0.000000	94.460000,10.770000,0.000000	90.660000,-8.830000,0.000000
8.11038	8.400000,-81.820000,0.000000	96.630000,12.380000,0.000000	92.200000,-6.960000,0.000000	94.460000,10.770000,0.000000	90.660000,-8.830000,0.000000
8.17565	8.170000,-81.790000,0.000000	96.640000,12.280000,0.000000	92.170000,-7.010000,0.000000	94.460000,10.770000,0.000000	90.660000,-8.830000,0.000000
8.23383	7.820000,-81.780000,0.000000	96.670000,12.250000,0.000000	92.200000,-7.010000,0.000000	94.460000,10.770000,0.000000	90.660000,-8.830000,0.000000
8.23711	7.990000,-81.810000,0.000000	96.690000,12.330000,0.000000	92.230000,-7.010000,0.000000	94.460000,10.770000,0.000000	90.660000,-8.830000,0.000000
8.29234	7.760000,-81.920000,0.000000	96.720000,12.360000,0.000000	92.220000,-6.910000,0.000000	94.460000,10.770000,0.000000	90.660000,-8.830000,0.000000
8.35566	7.640000,-81.970000,0.000000	96.740000,12.310000,0.000000	92.210000,-6.940000,0.000000	94.460000,10.770000,0.000000	90.660000,-8.830000,0.000000
8.40838	7.650000,-81.950000,0.000000	96.710000,12.200000,0.000000	92.180000,-7.020000,0.000000	94.460000,10.770000,0.000000	90.660000,-8.830000,0.000000
8.41725	7.950000,-81.950000,0.000000	96.710000,12.030000,0.000000	92.210000,-7.100000,0.000000	94.460000,10.770000,0.000000	90.660000,-8.830000,0.000000
8.47516	8.160000,-81.970000,0.000000	96.700000,11.980000,0.000000	92.180000,-7.090000,0.000000	94.460000,10.770000,0.000000	90.660000,-8.830000,0.000000
8.52894	8.270000,-82.020000,0.000000	96.720000,11.940000,0.000000	92.190000,-7.010000,0.000000	94.460000,10.770000,0.000000	90.660000,-8.830000,0.000000
8.59198	8.580000,-82.050000,0.000000	96.710000,11.830000,0.000000	92.190000,-7.080000,0.000000	94.460000,10.770000,0.000000	90.660000,-8.830000,0.000000
8.59707	8.040000,-82.060000,0.000000	96.730000,11.800000,0.000000	92.130000,-7.100000,0.000000	94.460000,10.770000,0.000000	90.660000,-8.830000,0.000000
8.64708	8.320000,-82.130000,0.000000	96.760000,11.830000,0.000000	92.110000,-7.070000,0.000000	94.460000,10.770000,0.000000	90.660000,-8.830000,0.000000
8.71538	8.620000,-82.150000,0.000000	96.740000,11.850000,0.000000	92.130000,-7.120000,0.000000	94.460000,10.770000,0.000000	90.660000,-8.830000,0.000000
8.77474	8.840000,-82.210000,0.000000	96.760000,11.840000,0.000000	92.140000,-7.150000,0.000000	94.460000,10.770000,0.000000	90.660000,-8.830000,0.000000
8.77786	8.430000,-82.280000,0.000000	96.750000,11.830000,0.000000	92.130000,-7.220000,0.000000	94.460000,10.770000,0.000000	90.660000,-8.830000,0.000000
8.82548	8.400000,-82.300000,0.000000	96.690000,11.830000,0.000000	92.160000,-7.320000,0.000000	94.460000,10.770000,0.000000	90.660000,-8.830000,0.000000
8.89292	8.230000,-82.380000,0.000000	96.710000,11.800000,0.000000	92.130000,-7.380000,0.000000	94.460000,10.770000,0.000000	90.660000,-8.830000,0.000000
8.95297	8.800000,-82.450000,0.000000	96.680000,11.830000,0.000000	92.110000,-7.350000,0.000000	94.460000,10.770000,0.000000	90.660000,-8.830000,0.000000
8.95752	8.740000,-82.520000,0.000000	96.630000,11.850000,0.000000	92.050000,-7.300000,0.000000	94.460000,10.770000,0.000000	90.660000,-8.830000,0.000000
9.00860	8.870000,-82.540000,0.000000	96.540000,11.700000,0.000000	92.090000,-7.530000,0.000000	94.460000,10.770000,0.000000	90.660000,-8.830000,0.000000
9.07615	8.540000,-82.560000,0.000000	96.580000,11.640000,0.000000	92.070000,-7.560000,0.000000	94.460000,10.770000,0.000000	90.660000,-8.830000,0.000000
9.12527	8.050000,-82.600000,0.000000	96.580000,11.710000,0.000000	92.000000,-7.540000,0.000000	94.460000,10.770000,0.000000	90.660000,-8.830000,0.000000
9.13762	8.580000,-82.620000,0.000000	96.570000,11.770000,0.000000	91.960000,-7.480000,0.000000	94.460000,10.770000,0.000000	90.660000,-8.830000,0.000000
9.19234	8.350000,-82.670000,0.000000	96.520000,11.720000,0.000000	91.930000,-7.560000,0.000000	94.460000,10.770000,0.000000	90.660000,-8.830000,0.000000
9.25694	8.000000,-82.660000,0.000000	96.500000,11.690000,0.000000	91.950000,-7.640000,0.000000	94.460000,10.770000,0.000000	90.660000,-8.830000,0.000000
9.31272	7.660000,-82.750000,0.000000	96.530000,11.640000,0.000000	91.930000,-7.690000,0.000000	94.460000,10.770000,0.000000	90.660000,-8.830000,0.000000
9.31739	7.540000,-82.800000,0.000000	96.510000,11.670000,0.000000	91.930000,-7.760000,0.000000	94.460000,10.770000,0.000000	90.660000,-8.830000,0.000000
9.37619	7.270000,-82.850000,0.000000	96.530000,11.660000,0.000000	91.930000,-7.780000,0.000000	94.460000,10.770000,0.000000	90.660000,-8.830000,0.000000
9.42757	7.360000,-82.890000,0.000000	96.560000,11.610000,0.000000	91.960000,-7.780000,0.000000	94.460000,10.770000,0.000000	90.660000,-8.830000,0.000000
9.49284	7.630000,-82.970000,0.000000	96.570000,11.600000,0.000000	91.960000,-7.850000,0.000000	94.460000,10.770000,0.000000	90.660000,-8.830000,0.000000
9.49736	7.640000,-83.020000,0.000000	96.540000,11.500000,0.000000	91.910000,-7.930000,0.000000	94.460000,10.770000,0.000000	90.660000,-8.830000,0.000000
9.54394	7.780000,-83.020000,0.000000	96.510000,11.470000,0.000000	91.840000,-7.990000,0.000000	94.460000,10.770000,0.000000	90.660000,-8.830000,0.000000
9.60876	7.450000,-83.080000,0.000000	96.520000,11.420000,0.000000	91.870000,-8.020000,0.000000	94.460000,10.770000,0.000000	90.660000,-8.830000,0.000000
9.67593	7.390000,-83.060000,0.000000	96.500000,11.450000,0.000000	91.820000,-8.050000,0.000000	94.460000,10.770000,0.000000	90.660000,-8.830000,0.000000
9.67796	7.160000,-83.080000,0.000000	96.480000,11.410000,0.000000	91.860000,-8.080000,0.000000	94.460000,10.770000,0.000000	90.660000,-8.830000,0.000000
9.72894	7.080000,-83.110000,0.000000	96.500000,11.430000,0.000000	91.830000,-8.060000,0.000000	94.460000,10.770000,0.000000	90.660000,-8.830000,0.000000
9.79095	6.850000,-83.150000,0.000000	96.450000,11.430000,0.000000	91.890000,-8.140000,0.000000	94.460000,10.770000,0.000000	90.660000,-8.830000,0.000000
9.85695	6.120000,-83.210000,0.000000	96.470000,11.400000,0.000000	91.820000,-8.160000,0.000000	94.460000,10.770000,0.000000	90.660000,-8.830000,0.000000
9.85854	6.330000,-83.250000,0.000000	96.450000,11.450000,0.000000	91.820000,-8.200000,0.000000	94.460000,10.770000,0.000000	90.660000,-8.830000,0.000000
9.91789	6.040000,-83.330000,0.000000	96.450000,11.400000,0.000000	91.840000,-8.150000,0.000000	94.460000,10.770000,0.000000	90.660000,-8.830000,0.000000
9.97769	6.140000,-83.360000,0.000000	96.420000,11.440000,0.000000	91.760000,-8.240000,0.000000	94.460000,10.770000,0.000000	90.660000,-8.830000,0.000000
10.03599	6.060000,-83.310000,0.000000	96.450000,11.390000,0.000000	91.770000,-8.270000,0.000000	94.460000,10.770000,0.000000	90.660000,-8.830000,0.000000
10.03812	5.420000,-83.370000,0.000000	96.390000,11.410000,0.000000	91.710000,-8.290000,0.000000	94.460000,10.770000,0.000000	90.660000,-8.830000,0.000000
10.09239	6.200000,-83.440000,0.000000	96.360000,11.360000,0.000000	91.730000,-8.300000,0.000000	94.460000,10.770000,0.000000	90.660000,-8.830000,0.000000
10.14393	6.350000,-83.430000,0.000000	96.370000,11.360000,0.000000	91.750000,-8.280000,0.000000	94.460000,10.770000,0.000000	90.660000,-8.830000,0.000000
10.20857	5.750000,-83.410000,0.000000	96.400000,11.380000,0.000000	91.710000,-8.290000,0.000000	94.460000,10.770000,0.000000	90.660000,-8.830000,0.000000
10.21728	5.770000,-83.340000,0.000000	96.380000,11.380000,0.000000	91.770000,-8.320000,0.000000	94.460000,10.770000,0.000000	90.660000,-8.830000,0.000000
10.27576	5.890000,-83.330000,0.000000	96.370000,11.390000,0.000000	91.750000,-8.350000,0.000000	94.460000,10.770000,0.000000	90.660000,-8.830000,0.000000
10.32781	5.350000,-83.280000,0.000000	96.370000,11.370000,0.000000	91.750000,-8.390000,0.000000	94.460000,10.770000,0.000000	90.660000,-8.830000,0.000000
10.41581	4.790000,-83.310000,0.000000	96.380000,11.370000,0.000000	91.790000,-8.350000,0.000000	94.460000,10.770000,0.000000	90.660000,-8.830000,0.000000
10.41787	4.310000,-83.370000,0.000000	96.410000,11.260000,0.000000	91.790000,-8.390000,0.000000	94.460000,10.770000,0.000000	90.660000,-8.830000,0.000000
10.45020	4.210000,-83.460000,0.000000	96.420000,11.180000,0.000000	91.780000,-8.430000,0.000000	94.460000,10.770000,0.000000	90.660000,-8.830000,0.000000
10.50869	4.240000,-83.520000,0.000000	96.410000,11.210000,0.000000	91.750000,-8.400000,0.000000	94.460000,10.770000,0.000000	90.660000,-8.830000,0.000000
10.57547	4.100000,-83.550000,0.000000	96.410000,11.180000,0.000000	91.750000,-8.400000,0.000000	94.460000,10.770000,0.000000	90.660000,-8.830000,0.000000
10.57783	4.140000,-83.550000,0.000000	96.460000,11.230000,0.000000	91.750000,-8.390000,0.000000	94.460000,10.770000,0.000000	90.660000,-8.830000,0.000000
10.62652	4.180000,-83.560000,0.000000	96.440000,11.250000,0.000000	91.770000,-8.420000,0.000000	94.460000,10.770000,0.000000	90.660000,-8.830000,0.000000
10.69216	4.420000,-83.560000,0.000000	96.450000,11.240000,0.000000	91.690000,-8.430000,0.000000	94.460000,10.770000,0.000000	90.660000,-8.830000,0.000000
10.75245	4.470000,-83.590000,0.000000	96.410000,11.240000,0.000000	91.710000,-8.420000,0.000000	94.460000,10.770000,0.000000	90.660000,-8.830000,0.000000
10.75866	4.500000,-83.650000,0.000000	96.460000,11.220000,0.000000	91.710000,-8.360000,0.000000	94.460000,10.770000,0.000000	90.660000,-8.830000,0.000000
10.80894	4.580000,-83.720000,0.000000	96.460000,11.240000,0.000000	91.690000,-8.370000,0.000000	94.460000,10.770000,0.000000	90.660000,-8.830000,0.000000
10.87582	5.100000,-83.770000,0.000000	96.430000,11.200000,0.000000	91.690000,-8.400000,0.000000	94.460000,10.770000,0.000000	90.660000,-8.830000,0.000000
10.92526	4.290000,-83.810000,0.000000	96.420000,11.220000,0.000000	91.700000,-8.440000,0.000000	94.460000,10.770000,0.000000	90.660000,-8.830000,0.000000
10.93747	4.120000,-83.820000,0.000000	96.460000,11.230000,0.000000	91.690000,-8.390000,0.000000	94.460000,10.770000,0.000000	90.660000,-8.830000,0.000000
10.99290	4.070000,-83.920000,0.000000	96.480000,11.220000,0.000000	91.680000,-8.390000,0.000000	94.460000,10.770000,0.000000	90.660000,-8.830000,0.000000
11.05502	4.640000,-83.930000,0.000000	96.440000,11.170000,0.000000	91.730000,-8.400000,0.000000	94.460000,10.770000,0.000000	90.660000,-8.830000,0.000000
11.10817	4.960000,-83.990000,0.000000	96.500000,11.150000,0.000000	91.780000,-8.460000,0.000000	94.460000,10.770000,0.000000	90.660000,-8.830000,0.000000
11.11688	5.140000,-84.040000,0.000000	96.520000,11.080000,0.000000	91.780000,-8.450000,0.000000	94.460000,10.770000,0.000000	90.660000,-8.830000,0.000000
11.17633	5.250000,-84.090000,0.000000	96.490000,11.120000,0.000000	91.760000,-8.400000,0.000000	94.460000,10.770000,0.000000	90.660000,-8.830000,0.000000
11.22570	6.090000,-84.130000,0.000000	96.520000,11.160000,0.000000	91.810000,-8.420000,0.000000	94.460000,10.770000,0.000000	90.660000,-8.830000,0.000000
11.29132	6.640000,-84.130000,0.000000	96.500000,11.060000,0.000000	91.830000,-8.430000,0.000000	94.460000,10.770000,0.000000	90.660000,-8.830000,0.000000
11.29811	6.160000,-84.110000,0.000000	96.500000,11.020000,0.000000	91.740000,-8.440000,0.000000	94.460000,10.770000,0.000000	90.660000,-8.830000,0.000000
11.41223	6.340000,-84.050000,0.000000	96.490000,10.980000,0.000000	91.760000,-8.470000,0.000000	94.460000,10.770000,0.000000	90.660000,-8.830000,0.000000
11.41753	6.560000,-84.070000,0.000000	96.480000,10.960000,0.000000	91.690000,-8.500000,0.000000	94.460000,10.770000,0.000000	90.660000,-8.830000,0.000000
11.47376	7.610000,-84.090000,0.000000	96.450000,10.910000,0.000000	91.700000,-8.430000,0.000000	94.460000,10.770000,0.000000	90.660000,-8.830000,0.000000
11.47763	6.940000,-84.100000,0.000000	96.390000,10.890000,0.000000	91.710000,-8.500000,0.000000	94.460000,10.770000,0.000000	90.660000,-8.830000,0.000000
11.52556	5.930000,-84.070000,0.000000	96.420000,10.740000,0.000000	91.710000,-8.600000,0.000000	94.460000,10.770000,0.000000	90.660000,-8.830000,0.000000
11.59231	4.630000,-83.930000,0.000000	96.480000,10.740000,0.000000	91.730000,-8.520000,0.000000	94.460000,10.770000,0.000000	90.660000,-8.830000,0.000000
11.65548	3.930000,-83.870000,0.000000	96.400000,10.810000,0.000000	91.690000,-8.480000,0.000000	94.460000,10.770000,0.000000	90.660000,-8.830000,0.000000
11.65874	3.750000,-83.920000,0.000000	96.310000,10.860000,0.000000	91.580000,-8.580000,0.000000	94.460000,10.770000,0.000000	90.660000,-8.830000,0.000000
11.71040	5.340000,-83.970000,0.000000	96.280000,10.970000,0.000000	91.570000,-8.470000,0.000000	94.460000,10.770000,0.000000	90.660000,-8.830000,0.000000
11.77589	6.170000,-83.870000,0.000000	96.250000,11.110000,0.000000	91.600000,-8.450000,0.000000	94.460000,10.770000,0.000000	90.660000,-8.830000,0.000000
11.82646	7.820000,-83.850000,0.000000	96.260000,11.090000,0.000000	91.670000,-8.320000,0.000000	94.460000,10.770000,0.000000	90.660000,-8.830000,0.000000
11.83753	8.650000,-83.920000,0.000000	96.240000,11.160000,0.000000	91.650000,-8.350000,0.000000	94.460000,10.770000,0.000000	90.660000,-8.830000,0.000000
11.89234	9.330000,-83.810000,0.000000	96.250000,11.070000,0.000000	91.730000,-8.330000,0.000000	94.460000,10.770000,0.000000	90.660000,-8.830000,0.000000
11.95581	9.820000,-83.760000,0.000000	96.300000,11.050000,0.000000	91.720000,-8.360000,0.000000	94.460000,10.770000,0.000000	90.660000,-8.830000,0.000000
12.01305	9.580000,-83.740000,0.000000	96.280000,11.050000,0.000000	91.740000,-8.340000,0.000000	94.460000,10.770000,0.000000	90.660000,-8.830000,0.000000
12.01738	10.460000,-83.770000,0.000000	96.330000,11.060000,0.000000	91.720000,-8.210000,0.000000	94.460000,10.770000,0.000000	90.660000,-8.830000,0.000000
12.07418	9.190000,-83.780000,0.000000	96.310000,11.020000,0.000000	91.660000,-8.230000,0.000000	94.460000,10.770000,0.000000	90.660000,-8.830000,0.000000
12.13295	8.130000,-83.680000,0.000000	96.190000,10.870000,0.000000	91.540000,-8.500000,0.000000	94.460000,10.770000,0.000000	90.660000,-8.830000,0.000000
12.19161	6.320000,-83.590000,0.000000	96.090000,10.750000,0.000000	91.520000,-8.700000,0.000000	94.460000,10.770000,0.000000	90.660000,-8.830000,0.000000
12.25102	5.200000,-83.480000,0.000000	96.060000,10.730000,0.000000	91.470000,-8.730000,0.000000	94.460000,10.770000,0.000000	90.660000,-8.830000,0.000000
12.25761	3.800000,-83.500000,0.000000	96.160000,10.620000,0.000000	91.440000,-8.650000,0.000000	94.460000,10.770000,0.000000	90.660000,-8.830000,0.000000
12.31407	3.430000,-83.370000,0.000000	96.020000,10.650000,0.000000	91.410000,-8.690000,0.000000	94.460000,10.770000,0.000000	90.660000,-8.830000,0.000000
12.37542	6.100000,-83.130000,0.000000	96.040000,11.250000,0.000000	91.450000,-8.200000,0.000000	94.460000,10.770000,0.000000	90.660000,-8.830000,0.000000
12.37732	7.190000,-83.060000,0.000000	95.950000,11.430000,0.000000	91.470000,-8.110000,0.000000	94.460000,10.770000,0.000000	90.660000,-8.830000,0.000000
12.42553	8.610000,-83.070000,0.000000	96.150000,11.540000,0.000000	91.650000,-8.020000,0.000000	94.460000,10.770000,0.000000	90.660000,-8.830000,0.000000
12.49295	7.890000,-83.040000,0.000000	96.050000,11.350000,0.000000	91.520000,-8.200000,0.000000	94.460000,10.770000,0.000000	90.660000,-8.830000,0.000000
12.55491	7.890000,-82.990000,0.000000	96.180000,11.320000,0.000000	91.670000,-8.040000,0.000000	94.460000,10.770000,0.000000	90.660000,-8.830000,0.000000
12.55797	8.800000,-83.090000,0.000000	96.320000,11.480000,0.000000	91.630000,-8.020000,0.000000	94.460000,10.770000,0.000000	90.660000,-8.830000,0.000000
12.61047	9.840000,-83.040000,0.000000	96.360000,11.600000,0.000000	91.700000,-7.850000,0.000000	94.460000,10.770000,0.000000	90.660000,-8.830000,0.000000
12.67580	10.610000,-83.030000,0.000000	96.480000,11.620000,0.000000	91.740000,-7.710000,0.000000	94.460000,10.770000,0.000000	90.660000,-8.830000,0.000000
12.72584	12.190000,-82.950000,0.000000	96.480000,11.630000,0.000000	91.780000,-7.680000,0.000000	94.460000,10.770000,0.000000	90.660000,-8.830000,0.000000
12.73800	11.210000,-82.940000,0.000000	96.520000,11.490000,0.000000	91.810000,-7.780000,0.000000	94.460000,10.770000,0.000000	90.660000,-8.830000,0.000000
12.79033	10.970000,-82.860000,0.000000	96.610000,11.310000,0.000000	91.840000,-7.870000,0.000000	94.460000,10.770000,0.000000	90.660000,-8.830000,0.000000
12.84734	10.060000,-82.850000,0.000000	96.620000,11.120000,0.000000	91.850000,-7.980000,0.000000	94.460000,10.770000,0.000000	90.660000,-8.830000,0.000000
12.91469	9.050000,-82.860000,0.000000	96.660000,10.880000,0.000000	91.850000,-8.170000,0.000000	94.460000,10.770000,0.000000	90.660000,-8.830000,0.000000
12.91741	8.130000,-82.900000,0.000000	96.770000,10.780000,0.000000	91.920000,-8.220000,0.000000	94.460000,10.770000,0.000000	90.660000,-8.830000,0.000000
12.97567	8.710000,-82.940000,0.000000	96.750000,10.830000,0.000000	91.880000,-8.280000,0.000000	94.460000,10.770000,0.000000	90.660000,-8.830000,0.000000
13.02584	9.780000,-82.930000,0.000000	96.710000,11.020000,0.000000	91.840000,-8.080000,0.000000	94.460000,10.770000,0.000000	90.660000,-8.830000,0.000000
13.09271	10.470000,-83.020000,0.000000	96.740000,11.110000,0.000000	91.790000,-8.090000,0.000000	94.460000,10.770000,0.000000	90.660000,-8.830000,0.000000
13.09813	11.550000,-83.080000,0.000000	96.700000,11.130000,0.000000	91.860000,-8.000000,0.000000	94.460000,10.770000,0.000000	90.660000,-8.830000,0.000000
13.21408	12.450000,-83.120000,0.000000	96.710000,11.170000,0.000000	91.950000,-8.050000,0.000000	94.460000,10.770000,0.000000	90.660000,-8.830000,0.000000
13.21706	13.220000,-83.040000,0.000000	96.690000,11.070000,0.000000	92.060000,-8.120000,0.000000	94.460000,10.770000,0.000000	90.660000,-8.830000,0.000000
13.27477	13.470000,-83.000000,0.000000	96.700000,10.880000,0.000000	92.070000,-8.370000,0.000000	94.460000,10.770000,0.000000	90.660000,-8.830000,0.000000
13.27776	12.730000,-82.930000,0.000000	96.620000,10.820000,0.000000	92.040000,-8.450000,0.000000	94.460000,10.770000,0.000000	90.660000,-8.830000,0.000000
13.33332	11.530000,-82.840000,0.000000	96.650000,10.890000,0.000000	91.950000,-8.390000,0.000000	94.460000,10.770000,0.000000	90.660000,-8.830000,0.000000
13.39191	11.300000,-82.700000,0.000000	96.540000,11.050000,0.000000	91.870000,-8.270000,0.000000	94.460000,10.770000,0.000000	90.660000,-8.830000,0.000000
13.44242	11.370000,-82.560000,0.000000	96.490000,11.110000,0.000000	91.850000,-8.240000,0.000000	94.460000,10.770000,0.000000	90.660000,-8.830000,0.000000
13.45862	10.730000,-82.510000,0.000000	96.450000,11.240000,0.000000	91.810000,-8.260000,0.000000	94.460000,10.770000,0.000000	90.660000,-8.830000,0.000000
13.50922	10.410000,-82.580000,0.000000	96.460000,11.200000,0.000000	91.780000,-8.280000,0.000000	94.460000,10.770000,0.000000	90.660000,-8.830000,0.000000
13.57573	10.240000,-82.640000,0.000000	96.410000,11.060000,0.000000	91.760000,-8.260000,0.000000	94.460000,10.770000,0.000000	90.660000,-8.830000,0.000000
13.62650	9.200000,-82.790000,0.000000	96.420000,10.930000,0.000000	91.750000,-8.220000,0.000000	94.460000,10.770000,0.000000	90.660000,-8.830000,0.000000
13.63786	8.260000,-82.950000,0.000000	96.400000,10.780000,0.000000	91.730000,-8.330000,0.000000	94.460000,10.770000,0.000000	90.660000,-8.830000,0.000000
13.69402	8.030000,-82.920000,0.000000	96.390000,10.610000,0.000000	91.700000,-8.420000,0.000000	94.460000,10.770000,0.000000	90.660000,-8.830000,0.000000
13.75284	8.000000,-82.860000,0.000000	96.370000,10.520000,0.000000	91.680000,-8.530000,0.000000	94.460000,10.770000,0.000000	90.660000,-8.830000,0.000000
13.80864	7.390000,-82.960000,0.000000	96.330000,10.420000,0.000000	91.650000,-8.560000,0.000000	94.460000,10.770000,0.000000	90.660000,-8.830000,0.000000
13.81752	6.320000,-82.870000,0.000000	96.250000,10.290000,0.000000	91.650000,-8.620000,0.000000	94.460000,10.770000,0.000000	90.660000,-8.830000,0.000000
13.87566	6.900000,-82.810000,0.000000	96.220000,10.200000,0.000000	91.670000,-8.670000,0.000000	94.460000,10.770000,0.000000	90.660000,-8.830000,0.000000
13.92562	6.880000,-82.710000,0.000000	96.160000,10.320000,0.000000	91.650000,-8.750000,0.000000	94.460000,10.770000,0.000000	90.660000,-8.830000,0.000000
13.99165	6.970000,-82.650000,0.000000	96.140000,10.380000,0.000000	91.640000,-8.740000,0.000000	94.460000,10.770000,0.000000	90.660000,-8.830000,0.000000
13.99790	6.330000,-82.730000,0.000000	96.140000,10.380000,0.000000	91.560000,-8.800000,0.000000	94.460000,10.770000,0.000000	90.660000,-8.830000,0.000000
14.05487	5.650000,-82.770000,0.000000	96.080000,10.210000,0.000000	91.490000,-9.050000,0.000000	94.460000,10.770000,0.000000	90.660000,-8.830000,0.000000
14.11527	5.030000,-82.600000,0.000000	96.040000,9.990000,0.000000	91.500000,-9.330000,0.000000	94.460000,10.770000,0.000000	90.660000,-8.830000,0.000000
14.17372	4.200000,-82.570000,0.000000	96.040000,9.800000,0.000000	91.580000,-9.420000,0.000000	94.460000,10.770000,0.000000	90.660000,-8.830000,0.000000
14.17816	3.290000,-82.670000,0.000000	95.970000,9.710000,0.000000	91.480000,-9.320000,0.000000	94.460000,10.770000,0.000000	90.660000,-8.830000,0.000000
14.23338	2.690000,-82.620000,0.000000	95.900000,9.750000,0.000000	91.380000,-9.290000,0.000000	94.460000,10.770000,0.000000	90.660000,-8.830000,0.000000
14.29544	2.620000,-82.480000,0.000000	95.860000,9.730000,0.000000	91.230000,-9.340000,0.000000	94.460000,10.770000,0.000000	90.660000,-8.830000,0.000000
14.35144	2.400000,-82.330000,0.000000	95.780000,9.890000,0.000000	91.260000,-9.280000,0.000000	94.460000,10.770000,0.000000	90.660000,-8.830000,0.000000
14.35724	2.500000,-82.000000,0.000000	95.710000,10.000000,0.000000	91.090000,-9.300000,0.000000	94.460000,10.770000,0.000000	90.660000,-8.830000,0.000000
14.40980	2.260000,-81.730000,0.000000	95.500000,10.100000,0.000000	90.970000,-9.280000,0.000000	94.460000,10.770000,0.000000	90.660000,-8.830000,0.000000
14.48494	1.540000,-81.370000,0.000000	95.310000,10.130000,0.000000	90.840000,-9.310000,0.000000	94.460000,10.770000,0.000000	90.660000,-8.830000,0.000000
14.53528	0.800000,-81.160000,0.000000	95.150000,10.210000,0.000000	90.690000,-9.320000,0.000000	94.460000,10.770000,0.000000	90.660000,-8.830000,0.000000
14.53819	0.790000,-80.920000,0.000000	95.050000,10.400000,0.000000	90.480000,-9.050000,0.000000	94.460000,10.770000,0.000000	90.660000,-8.830000,0.000000
14.59383	0.980000,-80.750000,0.000000	94.930000,10.730000,0.000000	90.270000,-8.710000,0.000000	94.460000,10.770000,0.000000	90.660000,-8.830000,0.000000
14.65620	1.270000,-80.420000,0.000000	94.710000,10.930000,0.000000	90.010000,-8.810000,0.000000	94.460000,10.770000,0.000000	90.660000,-8.830000,0.000000
14.73649	1.590000,-80.110000,0.000000	94.420000,10.580000,0.000000	89.800000,-9.030000,0.000000	94.460000,10.770000,0.000000	90.660000,-8.830000,0.000000
14.74217	1.430000,-79.930000,0.000000	94.260000,9.930000,0.000000	89.760000,-8.940000,0.000000	94.460000,10.770000,0.000000	90.660000,-8.830000,0.000000
14.78643	0.510000,-79.670000,0.000000	93.940000,8.980000,0.000000	89.740000,-9.530000,0.000000	94.460000,10.770000,0.000000	90.660000,-8.830000,0.000000
14.84168	0.310000,-79.340000,0.000000	93.370000,7.610000,0.000000	89.690000,-10.190000,0.000000	94.460000,10.770000,0.000000	90.660000,-8.830000,0.000000
14.94718	-0.770000,-79.400000,0.000000	92.770000,6.000000,0.000000	89.550000,-9.360000,0.000000	94.460000,10.770000,0.000000	90.660000,-8.830000,0.000000
14.95331	-4.600000,-79.320000,0.000000	92.260000,4.510000,0.000000	88.470000,-8.400000,0.000000	94.460000,10.770000,0.000000	90.660000,-8.830000,0.000000
14.95563	-7.820000,-79.410000,0.000000	91.790000,2.970000,0.000000	88.010000,-6.610000,0.000000	94.460000,10.770000,0.000000	90.660000,-8.830000,0.000000
15.01492	-9.110000,-79.530000,0.000000	91.500000,1.690000,0.000000	87.890000,-3.590000,0.000000	94.460000,10.770000,0.000000	90.660000,-8.830000,0.000000
15.07530	-11.130000,-79.600000,0.000000	91.180000,0.360000,0.000000	86.940000,0.850000,0.000000	94.460000,10.770000,0.000000	90.660000,-8.830000,0.000000
15.07736	-12.790000,-79.690000,0.000000	90.930000,-1.160000,0.000000	84.750000,5.380000,0.000000	94.460000,10.770000,0.000000	90.660000,-8.830000,0.000000
15.13434	-13.900000,-79.870000,0.000000	90.510000,-2.570000,0.000000	82.590000,10.700000,0.000000	94.460000,10.770000,0.000000	90.660000,-8.830000,0.000000
15.19553	-15.830000,-80.040000,0.000000	89.900000,-4.090000,0.000000	78.490000,16.270000,0.000000	94.460000,10.770000,0.000000	90.660000,-8.830000,0.000000
15.25185	-16.540000,-80.080000,0.000000	89.740000,-5.640000,0.000000	75.730000,21.210000,0.000000	94.460000,10.770000,0.000000	90.660000,-8.830000,0.000000
15.31333	-16.500000,-80.090000,0.000000	89.430000,-7.170000,0.000000	73.920000,25.550000,0.000000	94.460000,10.770000,0.000000	90.660000,-8.830000,0.000000
15.31703	-17.170000,-80.070000,0.000000	89.320000,-8.710000,0.000000	71.640000,29.240000,0.000000	94.460000,10.770000,0.000000	90.660000,-8.830000,0.000000
15.37568	-19.060000,-80.110000,0.000000	89.050000,-10.130000,0.000000	69.820000,32.370000,0.000000	94.460000,10.770000,0.000000	90.660000,-8.830000,0.000000
15.42559	-18.570000,-80.080000,0.000000	88.760000,-11.340000,0.000000	69.580000,33.740000,0.000000	94.460000,10.770000,0.000000	90.660000,-8.830000,0.000000
15.43858	-19.800000,-79.890000,0.000000	88.550000,-12.720000,0.000000	69.280000,35.090000,0.000000	94.460000,10.770000,0.000000	90.660000,-8.830000,0.000000
15.49580	-21.060000,-79.890000,0.000000	88.320000,-13.820000,0.000000	69.260000,34.790000,0.000000	94.460000,10.770000,0.000000	90.660000,-8.830000,0.000000
15.54276	-21.750000,-79.960000,0.000000	88.110000,-14.710000,0.000000	69.260000,33.620000,0.000000	94.460000,10.770000,0.000000	90.660000,-8.830000,0.000000
15.61148	-23.520000,-79.840000,0.000000	87.960000,-15.930000,0.000000	70.250000,32.850000,0.000000	94.460000,10.770000,0.000000	90.660000,-8.830000,0.000000
15.61777	-24.940000,-79.860000,0.000000	88.010000,-16.740000,0.000000	70.890000,30.950000,0.000000	94.460000,10.770000,0.000000	90.660000,-8.830000,0.000000
15.67357	-26.380000,-79.970000,0.000000	87.850000,-17.320000,0.000000	71.270000,29.040000,0.000000	94.460000,10.770000,0.000000	90.660000,-8.830000,0.000000
15.72718	-28.350000,-80.140000,0.000000	87.530000,-17.170000,0.000000	72.040000,26.360000,0.000000	94.460000,10.770000,0.000000	90.660000,-8.830000,0.000000
15.79218	-26.380000,-80.330000,0.000000	87.280000,-17.210000,0.000000	72.700000,22.240000,0.000000	94.460000,10.770000,0.000000	90.660000,-8.830000,0.000000
15.79773	-26.990000,-80.090000,0.000000	87.700000,-18.060000,0.000000	73.990000,18.340000,0.000000	94.460000,10.770000,0.000000	90.660000,-8.830000,0.000000
15.84798	-28.270000,-79.950000,0.000000	87.980000,-18.600000,0.000000	75.060000,15.460000,0.000000	94.460000,10.770000,0.000000	90.660000,-8.830000,0.000000
15.90943	-30.340000,-79.920000,0.000000	88.160000,-19.330000,0.000000	75.740000,12.460000,0.000000	94.460000,10.770000,0.000000	90.660000,-8.830000,0.000000
15.97502	-31.870000,-79.940000,0.000000	88.170000,-19.520000,0.000000	75.960000,10.400000,0.000000	94.460000,10.770000,0.000000	90.660000,-8.830000,0.000000
15.97745	-31.420000,-80.160000,0.000000	88.500000,-19.180000,0.000000	76.880000,8.540000,0.000000	94.460000,10.770000,0.000000	90.660000,-8.830000,0.000000
16.02684	-32.760000,-80.290000,0.000000	88.630000,-18.750000,0.000000	77.390000,7.480000,0.000000	94.460000,10.770000,0.000000	90.660000,-8.830000,0.000000
16.09179	-32.960000,-80.340000,0.000000	88.560000,-17.980000,0.000000	77.640000,6.940000,0.000000	94.460000,10.770000,0.000000	90.660000,-8.830000,0.000000
16.15303	-32.150000,-80.360000,0.000000	88.450000,-17.010000,0.000000	77.520000,6.410000,0.000000	94.460000,10.770000,0.000000	90.660000,-8.830000,0.000000
16.15750	-29.930000,-80.230000,0.000000	88.100000,-15.800000,0.000000	76.830000,5.280000,0.000000	94.460000,10.770000,0.000000	90.660000,-8.830000,0.000000
16.20844	-27.290000,-80.010000,0.000000	87.600000,-14.500000,0.000000	77.640000,2.790000,0.000000	94.460000,10.770000,0.000000	90.660000,-8.830000,0.000000
16.27501	-25.060000,-79.520000,0.000000	88.080000,-14.210000,0.000000	79.460000,3.090000,0.000000	94.460000,10.770000,0.000000	90.660000,-8.830000,0.000000
16.32556	-25.600000,-79.280000,0.000000	88.270000,-13.640000,0.000000	78.450000,0.630000,0.000000	94.460000,10.770000,0.000000	90.660000,-8.830000,0.000000
16.33725	-27.470000,-79.020000,0.000000	88.300000,-12.870000,0.000000	79.460000,0.460000,0.000000	94.460000,10.770000,0.000000	90.660000,-8.830000,0.000000
16.39156	-25.280000,-78.980000,0.000000	88.620000,-11.530000,0.000000	79.930000,-0.730000,0.000000	94.460000,10.770000,0.000000	90.660000,-8.830000,0.000000
16.44281	-23.560000,-78.930000,0.000000	88.760000,-10.480000,0.000000	80.420000,-1.920000,0.000000	94.460000,10.770000,0.000000	90.660000,-8.830000,0.000000
16.51062	-22.520000,-78.930000,0.000000	88.880000,-9.020000,0.000000	81.110000,-2.820000,0.000000	94.460000,10.770000,0.000000	90.660000,-8.830000,0.000000
16.51740	-20.430000,-79.020000,0.000000	89.070000,-7.750000,0.000000	81.620000,-3.680000,0.000000	94.460000,10.770000,0.000000	90.660000,-8.830000,0.000000
16.57670	-18.720000,-79.170000,0.000000	89.370000,-6.510000,0.000000	82.220000,-4.270000,0.000000	94.460000,10.770000,0.000000	90.660000,-8.830000,0.000000
16.63581	-17.860000,-79.310000,0.000000	89.630000,-5.330000,0.000000	82.570000,-4.940000,0.000000	94.460000,10.770000,0.000000	90.660000,-8.830000,0.000000
16.69546	-17.170000,-79.440000,0.000000	90.030000,-4.220000,0.000000	83.120000,-5.290000,0.000000	94.460000,10.770000,0.000000	90.660000,-8.830000,0.000000
16.74165	-15.050000,-79.570000,0.000000	90.410000,-3.000000,0.000000	83.660000,-5.810000,0.000000	94.460000,10.770000,0.000000	90.660000,-8.830000,0.000000
16.75806	-13.640000,-79.540000,0.000000	90.730000,-2.000000,0.000000	84.130000,-6.320000,0.000000	94.460000,10.770000,0.000000	90.660000,-8.830000,0.000000
16.80820	-12.670000,-79.420000,0.000000	91.030000,-1.180000,0.000000	84.640000,-7.000000,0.000000	94.460000,10.770000,0.000000	90.660000,-8.830000,0.000000
16.87516	-11.020000,-79.300000,0.000000	91.350000,-0.410000,0.000000	85.230000,-7.740000,0.000000	94.460000,10.770000,0.000000	90.660000,-8.830000,0.000000
16.87774	-10.050000,-79.280000,0.000000	91.750000,0.420000,0.000000	85.810000,-8.290000,0.000000	94.460000,10.770000,0.000000	90.660000,-8.830000,0.000000
16.93213	-9.140000,-79.210000,0.000000	92.120000,1.150000,0.000000	86.370000,-9.040000,0.000000	94.460000,10.770000,0.000000	90.660000,-8.830000,0.000000
16.99318	-8.180000,-79.250000,0.000000	92.460000,1.980000,0.000000	86.950000,-9.530000,0.000000	94.460000,10.770000,0.000000	90.660000,-8.830000,0.000000
17.04821	-7.520000,-79.230000,0.000000	92.750000,2.770000,0.000000	87.360000,-9.810000,0.000000	94.460000,10.770000,0.000000	90.660000,-8.830000,0.000000
17.05880	-5.770000,-79.240000,0.000000	93.090000,3.590000,0.000000	87.780000,-10.030000,0.000000	94.460000,10.770000,0.000000	90.660000,-8.830000,0.000000
17.10926	-4.210000,-79.230000,0.000000	93.370000,4.320000,0.000000	88.230000,-10.340000,0.000000	94.460000,10.770000,0.000000	90.660000,-8.830000,0.000000
17.17502	-3.000000,-79.200000,0.000000	93.580000,5.100000,0.000000	88.660000,-10.590000,0.000000	94.460000,10.770000,0.000000	90.660000,-8.830000,0.000000
17.22673	-2.180000,-79.150000,0.000000	93.980000,5.710000,0.000000	89.050000,-10.800000,0.000000	94.460000,10.770000,0.000000	90.660000,-8.830000,0.000000
17.23746	-1.590000,-79.140000,0.000000	94.300000,6.200000,0.000000	89.350000,-10.920000,0.000000	94.460000,10.770000,0.000000	90.660000,-8.830000,0.000000
17.29467	-1.080000,-79.070000,0.000000	94.570000,6.700000,0.000000	89.760000,-11.230000,0.000000	94.460000,10.770000,0.000000	90.660000,-8.830000,0.000000
17.35507	-0.830000,-79.130000,0.000000	94.950000,7.050000,0.000000	90.100000,-11.420000,0.000000	94.460000,10.770000,0.000000	90.660000,-8.830000,0.000000
17.40900	-0.290000,-79.220000,0.000000	95.270000,7.460000,0.000000	90.410000,-11.540000,0.000000	94.460000,10.770000,0.000000	90.660000,-8.830000,0.000000
17.41910	0.350000,-79.330000,0.000000	95.520000,7.890000,0.000000	90.700000,-11.690000,0.000000	94.460000,10.770000,0.000000	90.660000,-8.830000,0.000000
17.47572	0.940000,-79.330000,0.000000	95.760000,8.270000,0.000000	90.980000,-11.870000,0.000000	94.460000,10.770000,0.000000	90.660000,-8.830000,0.000000
17.52583	1.470000,-79.370000,0.000000	96.020000,8.490000,0.000000	91.180000,-11.890000,0.000000	94.460000,10.770000,0.000000	90.660000,-8.830000,0.000000
17.59301	1.560000,-79.460000,0.000000	96.210000,8.800000,0.000000	91.530000,-12.140000,0.000000	94.460000,10.770000,0.000000	90.660000,-8.830000,0.000000
17.59759	1.580000,-79.550000,0.000000	96.460000,9.070000,0.000000	91.750000,-12.260000,0.000000	94.460000,10.770000,0.000000	90.660000,-8.830000,0.000000
17.65477	1.550000,-79.790000,0.000000	96.650000,9.330000,0.000000	91.950000,-12.300000,0.000000	94.460000,10.770000,0.000000	90.660000,-8.830000,0.000000
17.70924	2.400000,-80.000000,0.000000	96.890000,9.610000,0.000000	92.090000,-12.240000,0.000000	94.460000,10.770000,0.000000	90.660000,-8.830000,0.000000
17.77627	3.950000,-80.120000,0.000000	96.980000,9.860000,0.000000	92.370000,-12.320000,0.000000	94.460000,10.770000,0.000000	90.660000,-8.830000,0.000000
17.77826	4.310000,-80.430000,0.000000	97.170000,10.230000,0.000000	92.410000,-12.130000,0.000000	94.460000,10.770000,0.000000	90.660000,-8.830000,0.000000
17.82660	4.740000,-80.670000,0.000000	97.300000,10.570000,0.000000	92.360000,-11.940000,0.000000	94.460000,10.770000,0.000000	90.660000,-8.830000,0.000000
17.89232	5.040000,-80.940000,0.000000	97.420000,10.940000,0.000000	92.510000,-11.810000,0.000000	94.460000,10.770000,0.000000	90.660000,-8.830000,0.000000
17.94957	5.780000,-81.150000,0.000000	97.480000,11.280000,0.000000	92.510000,-11.740000,0.000000	94.460000,10.770000,0.000000	90.660000,-8.830000,0.000000
17.95898	6.140000,-81.330000,0.000000	97.600000,11.560000,0.000000	92.650000,-11.470000,0.000000	94.460000,10.770000,0.000000	90.660000,-8.830000,0.000000
18.01561	6.590000,-81.340000,0.000000	97.660000,11.720000,0.000000	92.740000,-11.470000,0.000000	94.460000,10.770000,0.000000	90.660000,-8.830000,0.000000
18.07621	6.880000,-81.350000,0.000000	97.800000,11.790000,0.000000	92.900000,-11.460000,0.000000	94.460000,10.770000,0.000000	90.660000,-8.830000,0.000000
18.13291	7.340000,-81.400000,0.000000	97.850000,11.850000,0.000000	92.990000,-11.560000,0.000000	94.460000,10.770000,0.000000	90.660000,-8.830000,0.000000
18.13756	7.060000,-81.480000,0.000000	98.010000,11.840000,0.000000	93.140000,-11.600000,0.000000	94.460000,10.770000,0.000000	90.660000,-8.830000,0.000000
18.19249	7.240000,-81.510000,0.000000	97.910000,11.860000,0.000000	93.370000,-11.780000,0.000000	94.460000,10.770000,0.000000	90.660000,-8.830000,0.000000
18.31439	7.200000,-81.390000,0.000000	97.960000,11.870000,0.000000	93.500000,-11.810000,0.000000	94.460000,10.770000,0.000000	90.660000,-8.830000,0.000000
18.31728	7.220000,-81.360000,0.000000	97.830000,11.850000,0.000000	93.540000,-12.020000,0.000000	94.460000,10.770000,0.000000	90.660000,-8.830000,0.000000
18.31958	7.020000,-81.310000,0.000000	97.950000,11.870000,0.000000	93.590000,-12.060000,0.000000	94.460000,10.770000,0.000000	90.660000,-8.830000,0.000000
18.37597	6.590000,-81.350000,0.000000	97.920000,11.970000,0.000000	93.570000,-11.990000,0.000000	94.460000,10.770000,0.000000	90.660000,-8.830000,0.000000
18.42578	6.110000,-81.390000,0.000000	97.930000,12.070000,0.000000	93.560000,-11.810000,0.000000	94.460000,10.770000,0.000000	90.660000,-8.830000,0.000000
18.49253	6.450000,-81.340000,0.000000	97.990000,12.290000,0.000000	93.600000,-11.670000,0.000000	94.460000,10.770000,0.000000	90.660000,-8.830000,0.000000
18.49689	6.940000,-81.340000,0.000000	97.980000,12.390000,0.000000	93.600000,-11.610000,0.000000	94.460000,10.770000,0.000000	90.660000,-8.830000,0.000000
18.54507	7.080000,-81.280000,0.000000	97.990000,12.490000,0.000000	93.580000,-11.490000,0.000000	94.460000,10.770000,0.000000	90.660000,-8.830000,0.000000
18.67044	7.050000,-81.360000,0.000000	97.860000,12.570000,0.000000	93.450000,-11.470000,0.000000	94.460000,10.770000,0.000000	90.660000,-8.830000,0.000000
18.67721	6.920000,-81.350000,0.000000	97.900000,12.620000,0.000000	93.480000,-11.330000,0.000000	94.460000,10.770000,0.000000	90.660000,-8.830000,0.000000
18.67933	6.960000,-81.380000,0.000000	97.860000,12.690000,0.000000	93.470000,-11.210000,0.000000	94.460000,10.770000,0.000000	90.660000,-8.830000,0.000000
18.73448	7.070000,-81.500000,0.000000	97.870000,12.730000,0.000000	93.430000,-11.100000,0.000000	94.460000,10.770000,0.000000	90.660000,-8.830000,0.000000
18.79561	6.650000,-81.510000,0.000000	97.810000,12.670000,0.000000	93.400000,-11.020000,0.000000	94.460000,10.770000,0.000000	90.660000,-8.830000,0.000000
18.85552	6.550000,-81.570000,0.000000	97.730000,12.670000,0.000000	93.350000,-10.960000,0.000000	94.460000,10.770000,0.000000	90.660000,-8.830000,0.000000
18.85839	6.880000,-81.570000,0.000000	97.780000,12.690000,0.000000	93.320000,-10.860000,0.000000	94.460000,10.770000,0.000000	90.660000,-8.830000,0.000000
18.90869	7.030000,-81.600000,0.000000	97.750000,12.680000,0.000000	93.280000,-10.720000,0.000000	94.460000,10.770000,0.000000	90.660000,-8.830000,0.000000
18.97515	7.430000,-81.610000,0.000000	97.730000,12.630000,0.000000	93.190000,-10.590000,0.000000	94.460000,10.770000,0.000000	90.660000,-8.830000,0.000000
19.03477	6.950000,-81.660000,0.000000	97.690000,12.570000,0.000000	93.170000,-10.550000,0.000000	94.460000,10.770000,0.000000	90.660000,-8.830000,0.000000
19.03843	7.100000,-81.710000,0.000000	97.660000,12.450000,0.000000	93.120000,-10.490000,0.000000	94.460000,10.770000,0.000000	90.660000,-8.830000,0.000000
19.09277	7.130000,-81.780000,0.000000	97.650000,12.370000,0.000000	93.150000,-10.410000,0.000000	94.460000,10.770000,0.000000	90.660000,-8.830000,0.000000
19.14852	7.620000,-81.820000,0.000000	97.650000,12.300000,0.000000	93.150000,-10.370000,0.000000	94.460000,10.770000,0.000000	90.660000,-8.830000,0.000000
19.20917	7.500000,-81.850000,0.000000	97.660000,12.200000,0.000000	93.130000,-10.340000,0.000000	94.460000,10.770000,0.000000	90.660000,-8.830000,0.000000
19.22008	7.550000,-81.900000,0.000000	97.620000,12.100000,0.000000	93.140000,-10.300000,0.000000	94.460000,10.770000,0.000000	90.660000,-8.830000,0.000000
19.39386	7.510000,-81.930000,0.000000	97.570000,11.940000,0.000000	93.100000,-10.300000,0.000000	94.460000,10.770000,0.000000	90.660000,-8.830000,0.000000
19.39750	7.340000,-82.000000,0.000000	97.530000,11.870000,0.000000	93.100000,-10.240000,0.000000	94.460000,10.770000,0.000000	90.660000,-8.830000,0.000000
19.39984	7.430000,-82.010000,0.000000	97.520000,11.780000,0.000000	93.120000,-10.170000,0.000000	94.460000,10.770000,0.000000	90.660000,-8.830000,0.000000
19.40204	7.680000,-82.080000,0.000000	97.470000,11.720000,0.000000	93.060000,-10.150000,0.000000	94.460000,10.770000,0.000000	90.660000,-8.830000,0.000000
19.44277	7.930000,-82.050000,0.000000	97.440000,11.690000,0.000000	93.050000,-10.130000,0.000000	94.460000,10.770000,0.000000	90.660000,-8.830000,0.000000
19.50881	7.930000,-82.080000,0.000000	97.400000,11.650000,0.000000	92.970000,-10.110000,0.000000	94.460000,10.770000,0.000000	90.660000,-8.830000,0.000000
19.57346	8.090000,-82.070000,0.000000	97.370000,11.560000,0.000000	93.050000,-10.090000,0.000000	94.460000,10.770000,0.000000	90.660000,-8.830000,0.000000
19.57726	8.440000,-82.130000,0.000000	97.410000,11.450000,0.000000	93.050000,-10.150000,0.000000	94.460000,10.770000,0.000000	90.660000,-8.830000,0.000000
19.63128	8.620000,-82.150000,0.000000	97.410000,11.290000,0.000000	93.030000,-10.160000,0.000000	94.460000,10.770000,0.000000	90.660000,-8.830000,0.000000
19.69279	8.870000,-82.150000,0.000000	97.350000,11.150000,0.000000	93.000000,-10.250000,0.000000	94.460000,10.770000,0.000000	90.660000,-8.830000,0.000000
19.75528	8.820000,-82.150000,0.000000	97.410000,11.020000,0.000000	93.010000,-10.190000,0.000000	94.460000,10.770000,0.000000	90.660000,-8.830000,0.000000
19.75687	9.030000,-82.050000,0.000000	97.460000,11.010000,0.000000	92.950000,-10.090000,0.000000	94.460000,10.770000,0.000000	90.660000,-8.830000,0.000000
19.80839	9.110000,-82.090000,0.000000	97.530000,10.930000,0.000000	92.860000,-10.010000,0.000000	94.460000,10.770000,0.000000	90.660000,-8.830000,0.000000
19.87481	8.860000,-82.290000,0.000000	97.400000,10.850000,0.000000	92.820000,-9.900000,0.000000	94.460000,10.770000,0.000000	90.660000,-8.830000,0.000000
19.92568	8.470000,-82.400000,0.000000	97.270000,10.730000,0.000000	92.730000,-9.730000,0.000000	94.460000,10.770000,0.000000	90.660000,-8.830000,0.000000
19.93791	9.130000,-82.550000,0.000000	97.240000,10.610000,0.000000	92.710000,-9.730000,0.000000	94.460000,10.770000,0.000000	90.660000,-8.830000,0.000000
19.99544	9.420000,-82.570000,0.000000	97.130000,10.310000,0.000000	92.690000,-9.880000,0.000000	94.460000,10.770000,0.000000	90.660000,-8.830000,0.000000
