time	pelvis_imu	femur_r_imu	tibia_r_imu	femur_l_imu	tibia_l_imu
0.04424	-7.770000,-71.720000,0.000000	92.480000,5.480000,0.000000	87.300000,3.710000,0.000000	92.520000,5.550000,0.000000	87.370000,3.770000,0.000000
0.08988	-8.340000,-71.630000,0.000000	92.440000,5.400000,0.000000	87.170000,3.720000,0.000000	92.520000,5.550000,0.000000	87.370000,3.770000,0.000000
0.13245	-8.270000,-71.590000,0.000000	92.350000,5.560000,0.000000	87.080000,3.860000,0.000000	92.520000,5.550000,0.000000	87.370000,3.770000,0.000000
0.17598	-8.380000,-71.520000,0.000000	92.200000,5.670000,0.000000	87.030000,4.010000,0.000000	92.520000,5.550000,0.000000	87.370000,3.770000,0.000000
0.22302	-8.730000,-71.460000,0.000000	92.050000,5.680000,0.000000	86.920000,3.950000,0.000000	92.520000,5.550000,0.000000	87.370000,3.770000,0.000000
0.27047	-8.860000,-71.480000,0.000000	92.040000,5.660000,0.000000	86.890000,3.980000,0.000000	92.520000,5.550000,0.000000	87.370000,3.770000,0.000000
0.30735	-8.790000,-71.390000,0.000000	92.010000,5.750000,0.000000	86.860000,4.020000,0.000000	92.520000,5.550000,0.000000	87.370000,3.770000,0.000000
0.36045	-8.400000,-71.220000,0.000000	92.080000,6.030000,0.000000	86.960000,4.080000,0.000000	92.520000,5.550000,0.000000	87.370000,3.770000,0.000000
0.40353	-7.390000,-71.110000,0.000000	92.180000,6.360000,0.000000	86.930000,4.430000,0.000000	92.520000,5.550000,0.000000	87.370000,3.770000,0.000000
0.44950	-6.930000,-70.880000,0.000000	92.100000,6.720000,0.000000	86.720000,4.730000,0.000000	92.520000,5.550000,0.000000	87.370000,3.770000,0.000000
0.49433	-6.520000,-70.630000,0.000000	92.220000,6.960000,0.000000	86.900000,5.000000,0.000000	92.520000,5.550000,0.000000	87.370000,3.770000,0.000000
0.53783	-6.920000,-70.560000,0.000000	92.240000,6.730000,0.000000	86.850000,4.820000,0.000000	92.520000,5.550000,0.000000	87.370000,3.770000,0.000000
0.58452	-6.140000,-70.610000,0.000000	92.270000,6.880000,0.000000	86.860000,5.000000,0.000000	92.520000,5.550000,0.000000	87.370000,3.770000,0.000000
0.62583	-4.790000,-70.530000,0.000000	92.250000,7.060000,0.000000	86.960000,5.180000,0.000000	92.520000,5.550000,0.000000	87.370000,3.770000,0.000000
0.66803	-4.640000,-70.670000,0.000000	92.230000,7.060000,0.000000	86.940000,5.410000,0.000000	92.520000,5.550000,0.000000	87.370000,3.770000,0.000000
0.71772	-5.040000,-70.690000,0.000000	92.280000,6.850000,0.000000	86.950000,5.340000,0.000000	92.520000,5.550000,0.000000	87.370000,3.770000,0.000000
0.75181	-5.510000,-70.600000,0.000000	92.420000,6.600000,0.000000	87.070000,5.050000,0.000000	92.520000,5.550000,0.000000	87.370000,3.770000,0.000000
0.80208	-5.430000,-70.820000,0.000000	92.380000,6.310000,0.000000	87.130000,5.080000,0.000000	92.520000,5.550000,0.000000	87.370000,3.770000,0.000000
0.85334	-4.730000,-70.910000,0.000000	92.360000,6.380000,0.000000	87.110000,5.170000,0.000000	92.520000,5.550000,0.000000	87.370000,3.770000,0.000000
0.88974	-4.960000,-71.070000,0.000000	92.360000,6.170000,0.000000	87.110000,5.140000,0.000000	92.520000,5.550000,0.000000	87.370000,3.770000,0.000000
0.94564	-5.730000,-71.120000,0.000000	92.360000,5.860000,0.000000	87.140000,4.770000,0.000000	92.520000,5.550000,0.000000	87.370000,3.770000,0.000000
0.98995	-6.060000,-71.060000,0.000000	92.280000,5.560000,0.000000	87.200000,4.530000,0.000000	92.520000,5.550000,0.000000	87.370000,3.770000,0.000000
1.03472	-5.750000,-71.060000,0.000000	92.200000,5.620000,0.000000	87.280000,4.450000,0.000000	92.520000,5.550000,0.000000	87.370000,3.770000,0.000000
1.07680	-5.660000,-71.080000,0.000000	92.170000,5.600000,0.000000	87.200000,4.510000,0.000000	92.520000,5.550000,0.000000	87.370000,3.770000,0.000000
1.12383	-6.180000,-71.060000,0.000000	92.130000,5.500000,0.000000	87.180000,4.530000,0.000000	92.520000,5.550000,0.000000	87.370000,3.770000,0.000000
1.16821	-6.210000,-70.970000,0.000000	92.180000,5.510000,0.000000	87.280000,4.480000,0.000000	92.520000,5.550000,0.000000	87.370000,3.770000,0.000000
1.21661	-5.960000,-70.970000,0.000000	92.160000,5.540000,0.000000	87.250000,4.450000,0.000000	92.520000,5.550000,0.000000	87.370000,3.770000,0.000000
1.25474	-6.270000,-70.620000,0.000000	92.060000,5.430000,0.000000	87.300000,4.190000,0.000000	92.520000,5.550000,0.000000	87.370000,3.770000,0.000000
1.30112	-5.760000,-70.730000,0.000000	92.110000,5.680000,0.000000	87.290000,4.570000,0.000000	92.520000,5.550000,0.000000	87.370000,3.770000,0.000000
1.35078	-5.300000,-70.970000,0.000000	92.120000,6.010000,0.000000	87.240000,5.220000,0.000000	92.520000,5.550000,0.000000	87.370000,3.770000,0.000000
1.43620	-5.260000,-71.030000,0.000000	92.150000,5.850000,0.000000	87.290000,5.010000,0.000000	92.520000,5.550000,0.000000	87.370000,3.770000,0.000000
1.44339	-5.830000,-70.710000,0.000000	92.210000,5.470000,0.000000	87.400000,4.440000,0.000000	92.520000,5.550000,0.000000	87.370000,3.770000,0.000000
1.49929	-6.370000,-70.650000,0.000000	92.250000,5.290000,0.000000	87.440000,4.340000,0.000000	92.520000,5.550000,0.000000	87.370000,3.770000,0.000000
1.55787	-6.330000,-70.590000,0.000000	92.140000,5.650000,0.000000	87.280000,4.480000,0.000000	92.520000,5.550000,0.000000	87.370000,3.770000,0.000000
1.62082	-6.120000,-70.600000,0.000000	92.170000,5.940000,0.000000	87.110000,4.860000,0.000000	92.520000,5.550000,0.000000	87.370000,3.770000,0.000000
1.62398	-6.390000,-70.750000,0.000000	92.130000,5.970000,0.000000	87.120000,4.970000,0.000000	92.520000,5.550000,0.000000	87.370000,3.770000,0.000000
1.67438	-6.530000,-70.560000,0.000000	92.040000,6.040000,0.000000	87.070000,4.910000,0.000000	92.520000,5.550000,0.000000	87.370000,3.770000,0.000000
1.74060	-7.030000,-70.630000,0.000000	92.020000,5.870000,0.000000	87.090000,4.700000,0.000000	92.520000,5.550000,0.000000	87.370000,3.770000,0.000000
1.80230	-6.140000,-70.810000,0.000000	92.160000,6.080000,0.000000	87.190000,5.040000,0.000000	92.520000,5.550000,0.000000	87.370000,3.770000,0.000000
1.80784	-5.980000,-70.880000,0.000000	92.090000,6.050000,0.000000	87.090000,5.030000,0.000000	92.520000,5.550000,0.000000	87.370000,3.770000,0.000000
1.85614	-5.830000,-70.760000,0.000000	92.110000,5.890000,0.000000	87.160000,4.630000,0.000000	92.520000,5.550000,0.000000	87.370000,3.770000,0.000000
1.92259	-6.300000,-70.770000,0.000000	92.200000,5.590000,0.000000	87.180000,4.480000,0.000000	92.520000,5.550000,0.000000	87.370000,3.770000,0.000000
1.97444	-6.510000,-70.790000,0.000000	92.180000,5.330000,0.000000	87.200000,4.370000,0.000000	92.520000,5.550000,0.000000	87.370000,3.770000,0.000000
1.98447	-6.980000,-70.740000,0.000000	92.170000,5.200000,0.000000	87.320000,4.020000,0.000000	92.520000,5.550000,0.000000	87.370000,3.770000,0.000000
2.04023	-6.010000,-70.670000,0.000000	92.030000,5.470000,0.000000	87.250000,4.230000,0.000000	92.520000,5.550000,0.000000	87.370000,3.770000,0.000000
2.10140	-5.910000,-70.610000,0.000000	92.050000,5.650000,0.000000	87.230000,4.480000,0.000000	92.520000,5.550000,0.000000	87.370000,3.770000,0.000000
2.15511	-5.540000,-70.530000,0.000000	92.070000,5.700000,0.000000	87.160000,4.360000,0.000000	92.520000,5.550000,0.000000	87.370000,3.770000,0.000000
2.16270	-5.550000,-70.580000,0.000000	92.180000,5.570000,0.000000	87.200000,4.320000,0.000000	92.520000,5.550000,0.000000	87.370000,3.770000,0.000000
2.22093	-5.990000,-70.530000,0.000000	92.300000,5.370000,0.000000	87.280000,4.060000,0.000000	92.520000,5.550000,0.000000	87.370000,3.770000,0.000000
2.27432	-5.890000,-70.510000,0.000000	92.210000,5.220000,0.000000	87.240000,3.790000,0.000000	92.520000,5.550000,0.000000	87.370000,3.770000,0.000000
2.33853	-5.690000,-70.600000,0.000000	92.220000,5.130000,0.000000	87.300000,4.180000,0.000000	92.520000,5.550000,0.000000	87.370000,3.770000,0.000000
2.34324	-5.520000,-70.610000,0.000000	92.270000,5.220000,0.000000	87.370000,4.270000,0.000000	92.520000,5.550000,0.000000	87.370000,3.770000,0.000000
2.39795	-5.510000,-70.510000,0.000000	92.170000,5.320000,0.000000	87.290000,4.310000,0.000000	92.520000,5.550000,0.000000	87.370000,3.770000,0.000000
2.46798	-5.510000,-70.600000,0.000000	92.250000,5.180000,0.000000	87.430000,4.300000,0.000000	92.520000,5.550000,0.000000	87.370000,3.770000,0.000000
2.51974	-5.650000,-70.680000,0.000000	92.270000,5.060000,0.000000	87.300000,4.260000,0.000000	92.520000,5.550000,0.000000	87.370000,3.770000,0.000000
2.52218	-6.310000,-70.620000,0.000000	92.250000,4.770000,0.000000	87.390000,4.050000,0.000000	92.520000,5.550000,0.000000	87.370000,3.770000,0.000000
2.57898	-6.390000,-70.600000,0.000000	92.300000,4.820000,0.000000	87.460000,3.820000,0.000000	92.520000,5.550000,0.000000	87.370000,3.770000,0.000000
2.63690	-6.010000,-70.750000,0.000000	92.390000,5.010000,0.000000	87.290000,3.830000,0.000000	92.520000,5.550000,0.000000	87.370000,3.770000,0.000000
2.69964	-6.110000,-70.770000,0.000000	92.560000,5.010000,0.000000	87.320000,4.240000,0.000000	92.520000,5.550000,0.000000	87.370000,3.770000,0.000000
2.70198	-4.840000,-70.550000,0.000000	92.670000,5.060000,0.000000	87.340000,4.410000,0.000000	92.520000,5.550000,0.000000	87.370000,3.770000,0.000000
2.75525	-5.300000,-70.660000,0.000000	92.570000,4.580000,0.000000	87.340000,3.980000,0.000000	92.520000,5.550000,0.000000	87.370000,3.770000,0.000000
2.81934	-5.940000,-70.730000,0.000000	92.820000,3.910000,0.000000	87.570000,3.330000,0.000000	92.520000,5.550000,0.000000	87.370000,3.770000,0.000000
2.87166	-4.990000,-70.600000,0.000000	92.960000,4.240000,0.000000	87.610000,3.820000,0.000000	92.520000,5.550000,0.000000	87.370000,3.770000,0.000000
2.88432	-4.430000,-70.550000,0.000000	92.880000,4.590000,0.000000	87.590000,4.070000,0.000000	92.520000,5.550000,0.000000	87.370000,3.770000,0.000000
2.93987	-4.010000,-70.220000,0.000000	92.880000,4.830000,0.000000	87.370000,4.220000,0.000000	92.520000,5.550000,0.000000	87.370000,3.770000,0.000000
3.00401	-2.980000,-70.010000,0.000000	92.830000,5.340000,0.000000	87.390000,4.480000,0.000000	92.520000,5.550000,0.000000	87.370000,3.770000,0.000000
3.05420	-2.690000,-69.940000,0.000000	92.850000,5.460000,0.000000	87.380000,4.910000,0.000000	92.520000,5.550000,0.000000	87.370000,3.770000,0.000000
3.06254	-2.480000,-69.850000,0.000000	92.990000,5.390000,0.000000	87.590000,4.760000,0.000000	92.520000,5.550000,0.000000	87.370000,3.770000,0.000000
3.12113	-2.420000,-69.720000,0.000000	92.930000,5.400000,0.000000	87.580000,4.770000,0.000000	92.520000,5.550000,0.000000	87.370000,3.770000,0.000000
3.18015	-2.450000,-69.690000,0.000000	92.770000,5.440000,0.000000	87.370000,4.770000,0.000000	92.520000,5.550000,0.000000	87.370000,3.770000,0.000000
3.24224	-2.380000,-69.440000,0.000000	92.780000,5.440000,0.000000	87.240000,4.910000,0.000000	92.520000,5.550000,0.000000	87.370000,3.770000,0.000000
3.24437	-2.000000,-69.320000,0.000000	92.860000,5.640000,0.000000	87.420000,5.130000,0.000000	92.520000,5.550000,0.000000	87.370000,3.770000,0.000000
3.30000	-0.700000,-69.310000,0.000000	93.010000,5.910000,0.000000	87.460000,5.690000,0.000000	92.520000,5.550000,0.000000	87.370000,3.770000,0.000000
3.35499	-0.240000,-69.260000,0.000000	93.090000,5.690000,0.000000	87.610000,5.540000,0.000000	92.520000,5.550000,0.000000	87.370000,3.770000,0.000000
3.47314	0.150000,-69.330000,0.000000	93.210000,4.870000,0.000000	88.090000,4.090000,0.000000	92.520000,5.550000,0.000000	87.370000,3.770000,0.000000
3.48193	0.310000,-69.200000,0.000000	92.660000,3.550000,0.000000	88.150000,2.130000,0.000000	92.520000,5.550000,0.000000	87.370000,3.770000,0.000000
3.48402	-0.250000,-69.310000,0.000000	92.040000,2.670000,0.000000	87.970000,1.500000,0.000000	92.520000,5.550000,0.000000	87.370000,3.770000,0.000000
3.53626	-1.020000,-69.610000,0.000000	91.180000,2.160000,0.000000	88.600000,1.870000,0.000000	92.520000,5.550000,0.000000	87.370000,3.770000,0.000000
3.58725	-0.820000,-69.850000,0.000000	90.540000,1.800000,0.000000	87.360000,1.320000,0.000000	92.520000,5.550000,0.000000	87.370000,3.770000,0.000000
3.60194	-2.410000,-69.910000,0.000000	90.080000,0.470000,0.000000	86.440000,0.440000,0.000000	92.520000,5.550000,0.000000	87.370000,3.770000,0.000000
3.65721	-3.640000,-69.910000,0.000000	89.560000,-0.350000,0.000000	85.610000,-0.030000,0.000000	92.520000,5.550000,0.000000	87.370000,3.770000,0.000000
3.71956	-4.180000,-70.170000,0.000000	88.780000,-1.590000,0.000000	85.830000,1.110000,0.000000	92.520000,5.550000,0.000000	87.370000,3.770000,0.000000
3.77601	-4.840000,-70.670000,0.000000	88.730000,-3.260000,0.000000	85.950000,2.000000,0.000000	92.520000,5.550000,0.000000	87.370000,3.770000,0.000000
3.78189	-6.810000,-71.020000,0.000000	88.850000,-5.010000,0.000000	85.700000,2.880000,0.000000	92.520000,5.550000,0.000000	87.370000,3.770000,0.000000
3.83918	-7.730000,-71.430000,0.000000	88.700000,-6.990000,0.000000	85.060000,2.830000,0.000000	92.520000,5.550000,0.000000	87.370000,3.770000,0.000000
3.89220	-8.600000,-71.960000,0.000000	88.440000,-8.900000,0.000000	84.210000,2.810000,0.000000	92.520000,5.550000,0.000000	87.370000,3.770000,0.000000
3.98333	-9.530000,-72.210000,0.000000	87.970000,-11.260000,0.000000	83.070000,1.270000,0.000000	92.520000,5.550000,0.000000	87.370000,3.770000,0.000000
3.98789	-10.180000,-72.430000,0.000000	86.460000,-13.520000,0.000000	82.180000,-0.470000,0.000000	92.520000,5.550000,0.000000	87.370000,3.770000,0.000000
4.01972	-10.840000,-72.730000,0.000000	85.160000,-15.320000,0.000000	81.370000,-2.300000,0.000000	92.520000,5.550000,0.000000	87.370000,3.770000,0.000000
4.07276	-12.150000,-73.010000,0.000000	84.020000,-17.050000,0.000000	80.520000,-4.210000,0.000000	92.520000,5.550000,0.000000	87.370000,3.770000,0.000000
4.13966	-14.250000,-73.210000,0.000000	82.340000,-18.570000,0.000000	80.200000,-5.580000,0.000000	92.520000,5.550000,0.000000	87.370000,3.770000,0.000000
4.14395	-13.920000,-73.620000,0.000000	81.280000,-19.850000,0.000000	79.720000,-6.240000,0.000000	92.520000,5.550000,0.000000	87.370000,3.770000,0.000000
4.18989	-15.590000,-74.040000,0.000000	80.650000,-21.570000,0.000000	79.370000,-6.630000,0.000000	92.520000,5.550000,0.000000	87.370000,3.770000,0.000000
4.25437	-18.020000,-73.840000,0.000000	79.980000,-23.190000,0.000000	78.910000,-7.800000,0.000000	92.520000,5.550000,0.000000	87.370000,3.770000,0.000000
4.31975	-18.830000,-74.030000,0.000000	78.630000,-24.380000,0.000000	78.620000,-7.700000,0.000000	92.520000,5.550000,0.000000	87.370000,3.770000,0.000000
4.32362	-20.160000,-74.140000,0.000000	77.470000,-25.460000,0.000000	77.700000,-8.160000,0.000000	92.520000,5.550000,0.000000	87.370000,3.770000,0.000000
4.36910	-21.930000,-74.040000,0.000000	76.320000,-26.710000,0.000000	76.720000,-9.200000,0.000000	92.520000,5.550000,0.000000	87.370000,3.770000,0.000000
4.43740	-23.230000,-73.980000,0.000000	74.960000,-27.380000,0.000000	75.830000,-10.300000,0.000000	92.520000,5.550000,0.000000	87.370000,3.770000,0.000000
4.50245	-23.200000,-73.840000,0.000000	73.390000,-27.720000,0.000000	75.250000,-11.900000,0.000000	92.520000,5.550000,0.000000	87.370000,3.770000,0.000000
4.50509	-24.820000,-73.800000,0.000000	72.320000,-28.790000,0.000000	75.090000,-12.710000,0.000000	92.520000,5.550000,0.000000	87.370000,3.770000,0.000000
4.55476	-26.930000,-73.700000,0.000000	71.150000,-29.430000,0.000000	75.890000,-14.110000,0.000000	92.520000,5.550000,0.000000	87.370000,3.770000,0.000000
4.61938	-28.280000,-73.700000,0.000000	70.280000,-30.430000,0.000000	76.780000,-15.100000,0.000000	92.520000,5.550000,0.000000	87.370000,3.770000,0.000000
4.67125	-30.610000,-73.610000,0.000000	70.360000,-31.450000,0.000000	77.900000,-16.060000,0.000000	92.520000,5.550000,0.000000	87.370000,3.770000,0.000000
4.68436	-32.100000,-73.330000,0.000000	69.990000,-32.030000,0.000000	78.710000,-16.580000,0.000000	92.520000,5.550000,0.000000	87.370000,3.770000,0.000000
4.73983	-32.800000,-73.200000,0.000000	69.920000,-32.290000,0.000000	79.750000,-16.200000,0.000000	92.520000,5.550000,0.000000	87.370000,3.770000,0.000000
4.79211	-33.210000,-73.290000,0.000000	70.320000,-32.530000,0.000000	80.290000,-16.030000,0.000000	92.520000,5.550000,0.000000	87.370000,3.770000,0.000000
4.85907	-33.610000,-73.330000,0.000000	70.470000,-32.560000,0.000000	81.100000,-15.430000,0.000000	92.520000,5.550000,0.000000	87.370000,3.770000,0.000000
4.86171	-33.680000,-73.070000,0.000000	71.310000,-33.010000,0.000000	81.480000,-15.550000,0.000000	92.520000,5.550000,0.000000	87.370000,3.770000,0.000000
4.91988	-32.710000,-73.180000,0.000000	72.190000,-33.050000,0.000000	82.240000,-14.010000,0.000000	92.520000,5.550000,0.000000	87.370000,3.770000,0.000000
4.97535	-33.020000,-73.100000,0.000000	73.450000,-32.860000,0.000000	83.020000,-12.940000,0.000000	92.520000,5.550000,0.000000	87.370000,3.770000,0.000000
5.03977	-29.700000,-72.960000,0.000000	74.930000,-32.250000,0.000000	83.430000,-12.840000,0.000000	92.520000,5.550000,0.000000	87.370000,3.770000,0.000000
5.04180	-27.660000,-72.910000,0.000000	76.400000,-32.180000,0.000000	84.130000,-12.860000,0.000000	92.520000,5.550000,0.000000	87.370000,3.770000,0.000000
5.09990	-25.490000,-72.830000,0.000000	78.110000,-32.220000,0.000000	84.910000,-13.140000,0.000000	92.520000,5.550000,0.000000	87.370000,3.770000,0.000000
5.15411	-23.850000,-72.580000,0.000000	79.620000,-31.900000,0.000000	86.010000,-12.810000,0.000000	92.520000,5.550000,0.000000	87.370000,3.770000,0.000000
5.21927	-22.490000,-72.660000,0.000000	80.800000,-31.510000,0.000000	87.050000,-11.880000,0.000000	92.520000,5.550000,0.000000	87.370000,3.770000,0.000000
5.22190	-20.820000,-72.560000,0.000000	82.360000,-31.210000,0.000000	87.950000,-11.350000,0.000000	92.520000,5.550000,0.000000	87.370000,3.770000,0.000000
5.27254	-19.150000,-72.330000,0.000000	83.650000,-30.920000,0.000000	88.430000,-10.920000,0.000000	92.520000,5.550000,0.000000	87.370000,3.770000,0.000000
5.34057	-17.020000,-72.190000,0.000000	84.780000,-30.670000,0.000000	88.860000,-10.830000,0.000000	92.520000,5.550000,0.000000	87.370000,3.770000,0.000000
5.39178	-14.400000,-72.040000,0.000000	86.330000,-30.290000,0.000000	89.440000,-10.890000,0.000000	92.520000,5.550000,0.000000	87.370000,3.770000,0.000000
5.40387	-12.280000,-71.780000,0.000000	87.130000,-30.000000,0.000000	89.840000,-10.940000,0.000000	92.520000,5.550000,0.000000	87.370000,3.770000,0.000000
5.45619	-11.460000,-71.720000,0.000000	87.890000,-30.110000,0.000000	90.140000,-11.370000,0.000000	92.520000,5.550000,0.000000	87.370000,3.770000,0.000000
5.51967	-10.240000,-71.530000,0.000000	88.520000,-30.120000,0.000000	90.640000,-11.260000,0.000000	92.520000,5.550000,0.000000	87.370000,3.770000,0.000000
5.56955	-8.760000,-71.420000,0.000000	89.050000,-30.150000,0.000000	90.690000,-11.410000,0.000000	92.520000,5.550000,0.000000	87.370000,3.770000,0.000000
5.58505	-8.290000,-71.370000,0.000000	89.290000,-30.060000,0.000000	90.960000,-10.680000,0.000000	92.520000,5.550000,0.000000	87.370000,3.770000,0.000000
5.63829	-9.280000,-71.310000,0.000000	89.630000,-30.120000,0.000000	91.000000,-10.400000,0.000000	92.520000,5.550000,0.000000	87.370000,3.770000,0.000000
5.70111	-9.420000,-71.400000,0.000000	89.560000,-30.230000,0.000000	90.560000,-10.560000,0.000000	92.520000,5.550000,0.000000	87.370000,3.770000,0.000000
5.75455	-9.560000,-71.270000,0.000000	89.380000,-30.310000,0.000000	90.080000,-10.670000,0.000000	92.520000,5.550000,0.000000	87.370000,3.770000,0.000000
5.76498	-11.130000,-71.350000,0.000000	88.470000,-30.520000,0.000000	88.850000,-10.490000,0.000000	92.520000,5.550000,0.000000	87.370000,3.770000,0.000000
5.81972	-13.060000,-71.450000,0.000000	87.380000,-30.470000,0.000000	88.680000,-9.650000,0.000000	92.520000,5.550000,0.000000	87.370000,3.770000,0.000000
5.86991	-15.320000,-71.360000,0.000000	85.950000,-30.880000,0.000000	87.590000,-9.750000,0.000000	92.520000,5.550000,0.000000	87.370000,3.770000,0.000000
5.93823	-18.260000,-71.310000,0.000000	84.490000,-31.400000,0.000000	86.550000,-10.050000,0.000000	92.520000,5.550000,0.000000	87.370000,3.770000,0.000000
5.94299	-20.250000,-71.250000,0.000000	83.050000,-31.220000,0.000000	85.410000,-10.170000,0.000000	92.520000,5.550000,0.000000	87.370000,3.770000,0.000000
6.00205	-22.020000,-71.090000,0.000000	81.130000,-30.940000,0.000000	84.250000,-10.130000,0.000000	92.520000,5.550000,0.000000	87.370000,3.770000,0.000000
6.05476	-23.860000,-71.170000,0.000000	79.630000,-30.940000,0.000000	82.910000,-9.900000,0.000000	92.520000,5.550000,0.000000	87.370000,3.770000,0.000000
6.12048	-25.410000,-71.130000,0.000000	77.960000,-30.790000,0.000000	81.680000,-10.140000,0.000000	92.520000,5.550000,0.000000	87.370000,3.770000,0.000000
6.12280	-27.270000,-71.090000,0.000000	76.870000,-31.100000,0.000000	81.060000,-10.400000,0.000000	92.520000,5.550000,0.000000	87.370000,3.770000,0.000000
6.18118	-28.760000,-71.060000,0.000000	75.640000,-31.510000,0.000000	80.590000,-10.860000,0.000000	92.520000,5.550000,0.000000	87.370000,3.770000,0.000000
6.24029	-30.330000,-71.020000,0.000000	74.710000,-32.050000,0.000000	79.910000,-11.570000,0.000000	92.520000,5.550000,0.000000	87.370000,3.770000,0.000000
6.41977	-31.850000,-71.000000,0.000000	73.870000,-32.500000,0.000000	79.310000,-12.070000,0.000000	92.520000,5.550000,0.000000	87.370000,3.770000,0.000000
6.42431	-32.710000,-71.130000,0.000000	73.360000,-32.760000,0.000000	79.010000,-12.610000,0.000000	92.520000,5.550000,0.000000	87.370000,3.770000,0.000000
6.42701	-33.350000,-71.230000,0.000000	72.710000,-32.810000,0.000000	78.390000,-12.730000,0.000000	92.520000,5.550000,0.000000	87.370000,3.770000,0.000000
6.42939	-33.340000,-71.330000,0.000000	72.490000,-32.640000,0.000000	78.390000,-12.920000,0.000000	92.520000,5.550000,0.000000	87.370000,3.770000,0.000000
6.53554	-33.110000,-71.470000,0.000000	72.150000,-32.690000,0.000000	78.270000,-12.680000,0.000000	92.520000,5.550000,0.000000	87.370000,3.770000,0.000000
6.54219	-32.810000,-71.630000,0.000000	72.890000,-32.780000,0.000000	79.250000,-12.820000,0.000000	92.520000,5.550000,0.000000	87.370000,3.770000,0.000000
6.54436	-32.960000,-71.740000,0.000000	73.490000,-33.170000,0.000000	78.650000,-13.070000,0.000000	92.520000,5.550000,0.000000	87.370000,3.770000,0.000000
6.58925	-32.530000,-72.080000,0.000000	74.110000,-32.950000,0.000000	79.680000,-11.580000,0.000000	92.520000,5.550000,0.000000	87.370000,3.770000,0.000000
6.65805	-31.130000,-72.040000,0.000000	75.320000,-32.410000,0.000000	80.170000,-10.690000,0.000000	92.520000,5.550000,0.000000	87.370000,3.770000,0.000000
6.66146	-30.150000,-72.240000,0.000000	76.490000,-31.770000,0.000000	80.910000,-9.230000,0.000000	92.520000,5.550000,0.000000	87.370000,3.770000,0.000000
6.71761	-29.720000,-72.310000,0.000000	77.950000,-31.000000,0.000000	82.210000,-8.780000,0.000000	92.520000,5.550000,0.000000	87.370000,3.770000,0.000000
6.77795	-27.940000,-72.190000,0.000000	79.510000,-30.400000,0.000000	83.090000,-9.670000,0.000000	92.520000,5.550000,0.000000	87.370000,3.770000,0.000000
6.84229	-26.650000,-72.100000,0.000000	81.260000,-30.170000,0.000000	84.030000,-10.090000,0.000000	92.520000,5.550000,0.000000	87.370000,3.770000,0.000000
6.84405	-24.820000,-72.110000,0.000000	82.410000,-29.720000,0.000000	84.980000,-10.120000,0.000000	92.520000,5.550000,0.000000	87.370000,3.770000,0.000000
6.90135	-23.880000,-72.040000,0.000000	83.850000,-29.130000,0.000000	85.900000,-9.960000,0.000000	92.520000,5.550000,0.000000	87.370000,3.770000,0.000000
6.95996	-22.780000,-72.100000,0.000000	85.040000,-28.460000,0.000000	86.870000,-9.490000,0.000000	92.520000,5.550000,0.000000	87.370000,3.770000,0.000000
7.01894	-21.280000,-72.040000,0.000000	86.160000,-27.780000,0.000000	87.610000,-9.400000,0.000000	92.520000,5.550000,0.000000	87.370000,3.770000,0.000000
7.02131	-19.570000,-71.930000,0.000000	87.230000,-27.060000,0.000000	88.430000,-9.190000,0.000000	92.520000,5.550000,0.000000	87.370000,3.770000,0.000000
7.07983	-17.570000,-71.780000,0.000000	87.900000,-26.390000,0.000000	88.930000,-8.830000,0.000000	92.520000,5.550000,0.000000	87.370000,3.770000,0.000000
7.13902	-16.480000,-71.670000,0.000000	88.670000,-25.750000,0.000000	89.410000,-8.350000,0.000000	92.520000,5.550000,0.000000	87.370000,3.770000,0.000000
7.19995	-14.940000,-71.530000,0.000000	89.400000,-24.870000,0.000000	90.100000,-7.720000,0.000000	92.520000,5.550000,0.000000	87.370000,3.770000,0.000000
7.20291	-15.250000,-71.490000,0.000000	90.220000,-24.360000,0.000000	90.560000,-7.920000,0.000000	92.520000,5.550000,0.000000	87.370000,3.770000,0.000000
7.25679	-14.340000,-71.300000,0.000000	90.400000,-24.370000,0.000000	90.840000,-8.030000,0.000000	92.520000,5.550000,0.000000	87.370000,3.770000,0.000000
7.32174	-14.420000,-71.190000,0.000000	90.940000,-24.200000,0.000000	91.390000,-7.700000,0.000000	92.520000,5.550000,0.000000	87.370000,3.770000,0.000000
7.37375	-13.300000,-71.260000,0.000000	90.940000,-24.090000,0.000000	91.270000,-7.630000,0.000000	92.520000,5.550000,0.000000	87.370000,3.770000,0.000000
7.38501	-13.160000,-71.480000,0.000000	90.960000,-24.150000,0.000000	91.070000,-6.950000,0.000000	92.520000,5.550000,0.000000	87.370000,3.770000,0.000000
7.43905	-14.120000,-71.430000,0.000000	90.410000,-24.440000,0.000000	90.550000,-6.800000,0.000000	92.520000,5.550000,0.000000	87.370000,3.770000,0.000000
7.50111	-14.880000,-71.670000,0.000000	89.930000,-24.560000,0.000000	90.190000,-6.680000,0.000000	92.520000,5.550000,0.000000	87.370000,3.770000,0.000000
7.55587	-16.410000,-71.820000,0.000000	88.920000,-24.670000,0.000000	90.060000,-6.110000,0.000000	92.520000,5.550000,0.000000	87.370000,3.770000,0.000000
7.56565	-17.470000,-71.810000,0.000000	87.760000,-24.640000,0.000000	90.250000,-6.020000,0.000000	92.520000,5.550000,0.000000	87.370000,3.770000,0.000000
7.62002	-18.990000,-71.750000,0.000000	86.910000,-25.090000,0.000000	90.230000,-5.810000,0.000000	92.520000,5.550000,0.000000	87.370000,3.770000,0.000000
7.74123	-21.000000,-71.630000,0.000000	86.090000,-25.280000,0.000000	90.200000,-6.080000,0.000000	92.520000,5.550000,0.000000	87.370000,3.770000,0.000000
7.75103	-22.350000,-71.580000,0.000000	85.090000,-25.680000,0.000000	89.940000,-6.290000,0.000000	92.520000,5.550000,0.000000	87.370000,3.770000,0.000000
7.75268	-23.260000,-71.770000,0.000000	84.330000,-26.080000,0.000000	89.700000,-6.770000,0.000000	92.520000,5.550000,0.000000	87.370000,3.770000,0.000000
7.80348	-24.240000,-71.790000,0.000000	83.700000,-26.320000,0.000000	89.340000,-7.150000,0.000000	92.520000,5.550000,0.000000	87.370000,3.770000,0.000000
7.86019	-24.690000,-71.840000,0.000000	83.130000,-26.660000,0.000000	88.910000,-7.300000,0.000000	92.520000,5.550000,0.000000	87.370000,3.770000,0.000000
7.92111	-25.180000,-72.000000,0.000000	82.920000,-27.000000,0.000000	88.240000,-7.800000,0.000000	92.520000,5.550000,0.000000	87.370000,3.770000,0.000000
7.92456	-24.840000,-72.190000,0.000000	82.520000,-27.180000,0.000000	87.870000,-7.630000,0.000000	92.520000,5.550000,0.000000	87.370000,3.770000,0.000000
7.97162	-24.010000,-72.350000,0.000000	82.180000,-27.180000,0.000000	87.320000,-7.590000,0.000000	92.520000,5.550000,0.000000	87.370000,3.770000,0.000000
8.03729	-24.420000,-72.340000,0.000000	82.030000,-27.350000,0.000000	86.680000,-7.830000,0.000000	92.520000,5.550000,0.000000	87.370000,3.770000,0.000000
8.08896	-23.290000,-72.430000,0.000000	81.640000,-27.200000,0.000000	85.590000,-8.340000,0.000000	92.520000,5.550000,0.000000	87.370000,3.770000,0.000000
8.10425	-22.800000,-72.470000,0.000000	81.500000,-27.230000,0.000000	84.660000,-8.860000,0.000000	92.520000,5.550000,0.000000	87.370000,3.770000,0.000000
8.15744	-21.970000,-72.600000,0.000000	81.090000,-26.970000,0.000000	83.340000,-8.890000,0.000000	92.520000,5.550000,0.000000	87.370000,3.770000,0.000000
8.21817	-20.770000,-72.800000,0.000000	80.820000,-26.720000,0.000000	82.350000,-8.980000,0.000000	92.520000,5.550000,0.000000	87.370000,3.770000,0.000000
8.27330	-19.590000,-72.860000,0.000000	80.350000,-26.360000,0.000000	81.240000,-8.730000,0.000000	92.520000,5.550000,0.000000	87.370000,3.770000,0.000000
8.28729	-19.600000,-73.020000,0.000000	80.320000,-26.410000,0.000000	80.370000,-8.780000,0.000000	92.520000,5.550000,0.000000	87.370000,3.770000,0.000000
8.33928	-18.980000,-73.170000,0.000000	79.910000,-25.950000,0.000000	79.430000,-8.330000,0.000000	92.520000,5.550000,0.000000	87.370000,3.770000,0.000000
8.40153	-17.520000,-73.420000,0.000000	79.430000,-25.070000,0.000000	79.010000,-7.650000,0.000000	92.520000,5.550000,0.000000	87.370000,3.770000,0.000000
8.45784	-15.860000,-73.430000,0.000000	79.330000,-24.210000,0.000000	78.960000,-6.980000,0.000000	92.520000,5.550000,0.000000	87.370000,3.770000,0.000000
8.46328	-15.630000,-73.350000,0.000000	79.530000,-23.770000,0.000000	79.130000,-6.480000,0.000000	92.520000,5.550000,0.000000	87.370000,3.770000,0.000000
8.51935	-15.710000,-73.200000,0.000000	79.700000,-23.480000,0.000000	79.370000,-6.140000,0.000000	92.520000,5.550000,0.000000	87.370000,3.770000,0.000000
8.57076	-14.770000,-73.220000,0.000000	79.850000,-23.510000,0.000000	79.640000,-6.460000,0.000000	92.520000,5.550000,0.000000	87.370000,3.770000,0.000000
8.63766	-15.020000,-73.330000,0.000000	79.850000,-23.790000,0.000000	79.610000,-6.930000,0.000000	92.520000,5.550000,0.000000	87.370000,3.770000,0.000000
8.64305	-15.310000,-73.280000,0.000000	79.740000,-23.980000,0.000000	79.190000,-7.710000,0.000000	92.520000,5.550000,0.000000	87.370000,3.770000,0.000000
8.70124	-14.840000,-73.240000,0.000000	79.260000,-24.120000,0.000000	78.680000,-8.760000,0.000000	92.520000,5.550000,0.000000	87.370000,3.770000,0.000000
8.75899	-14.540000,-73.170000,0.000000	78.730000,-24.200000,0.000000	78.480000,-9.850000,0.000000	92.520000,5.550000,0.000000	87.370000,3.770000,0.000000
8.81864	-15.280000,-73.210000,0.000000	78.320000,-24.630000,0.000000	78.400000,-10.470000,0.000000	92.520000,5.550000,0.000000	87.370000,3.770000,0.000000
8.82340	-15.860000,-73.090000,0.000000	77.630000,-24.970000,0.000000	78.700000,-11.750000,0.000000	92.520000,5.550000,0.000000	87.370000,3.770000,0.000000
8.87096	-16.270000,-73.220000,0.000000	77.470000,-25.060000,0.000000	79.640000,-12.080000,0.000000	92.520000,5.550000,0.000000	87.370000,3.770000,0.000000
8.93797	-16.820000,-73.400000,0.000000	77.470000,-25.320000,0.000000	81.160000,-11.870000,0.000000	92.520000,5.550000,0.000000	87.370000,3.770000,0.000000
8.99913	-17.350000,-73.560000,0.000000	77.680000,-25.920000,0.000000	82.350000,-11.660000,0.000000	92.520000,5.550000,0.000000	87.370000,3.770000,0.000000
9.00200	-17.970000,-73.730000,0.000000	78.210000,-26.840000,0.000000	83.700000,-11.980000,0.000000	92.520000,5.550000,0.000000	87.370000,3.770000,0.000000
9.05972	-17.860000,-73.820000,0.000000	78.710000,-27.750000,0.000000	84.480000,-12.070000,0.000000	92.520000,5.550000,0.000000	87.370000,3.770000,0.000000
9.12056	-17.790000,-74.100000,0.000000	79.500000,-28.760000,0.000000	85.820000,-11.870000,0.000000	92.520000,5.550000,0.000000	87.370000,3.770000,0.000000
9.23159	-17.080000,-74.240000,0.000000	80.350000,-29.430000,0.000000	86.020000,-12.140000,0.000000	92.520000,5.550000,0.000000	87.370000,3.770000,0.000000
9.24101	-17.160000,-74.260000,0.000000	80.720000,-30.180000,0.000000	86.330000,-12.130000,0.000000	92.520000,5.550000,0.000000	87.370000,3.770000,0.000000
9.24302	-16.110000,-74.280000,0.000000	82.200000,-30.700000,0.000000	86.720000,-12.450000,0.000000	92.520000,5.550000,0.000000	87.370000,3.770000,0.000000
9.29949	-15.310000,-74.360000,0.000000	82.800000,-30.900000,0.000000	86.320000,-12.400000,0.000000	92.520000,5.550000,0.000000	87.370000,3.770000,0.000000
9.35935	-13.720000,-74.370000,0.000000	83.230000,-30.550000,0.000000	86.810000,-11.280000,0.000000	92.520000,5.550000,0.000000	87.370000,3.770000,0.000000
9.36215	-12.350000,-74.050000,0.000000	83.860000,-30.300000,0.000000	86.480000,-11.690000,0.000000	92.520000,5.550000,0.000000	87.370000,3.770000,0.000000
9.42069	-11.040000,-73.820000,0.000000	84.070000,-30.310000,0.000000	86.320000,-11.120000,0.000000	92.520000,5.550000,0.000000	87.370000,3.770000,0.000000
9.47078	-10.060000,-73.660000,0.000000	84.840000,-30.420000,0.000000	86.570000,-11.050000,0.000000	92.520000,5.550000,0.000000	87.370000,3.770000,0.000000
9.53756	-8.780000,-73.510000,0.000000	85.050000,-29.900000,0.000000	86.460000,-10.780000,0.000000	92.520000,5.550000,0.000000	87.370000,3.770000,0.000000
9.54336	-8.410000,-73.600000,0.000000	85.560000,-29.760000,0.000000	86.900000,-10.420000,0.000000	92.520000,5.550000,0.000000	87.370000,3.770000,0.000000
9.60124	-9.140000,-73.490000,0.000000	85.840000,-29.730000,0.000000	86.680000,-10.450000,0.000000	92.520000,5.550000,0.000000	87.370000,3.770000,0.000000
9.66101	-9.600000,-73.270000,0.000000	86.410000,-29.420000,0.000000	86.570000,-10.090000,0.000000	92.520000,5.550000,0.000000	87.370000,3.770000,0.000000
9.71854	-9.260000,-72.910000,0.000000	86.230000,-29.010000,0.000000	86.090000,-10.230000,0.000000	92.520000,5.550000,0.000000	87.370000,3.770000,0.000000
9.72292	-9.630000,-72.700000,0.000000	85.950000,-28.590000,0.000000	85.790000,-9.830000,0.000000	92.520000,5.550000,0.000000	87.370000,3.770000,0.000000
9.77119	-9.790000,-72.410000,0.000000	85.420000,-27.900000,0.000000	85.770000,-9.630000,0.000000	92.520000,5.550000,0.000000	87.370000,3.770000,0.000000
9.83717	-10.370000,-72.170000,0.000000	84.960000,-27.390000,0.000000	85.770000,-9.590000,0.000000	92.520000,5.550000,0.000000	87.370000,3.770000,0.000000
9.89891	-11.420000,-71.930000,0.000000	84.250000,-27.060000,0.000000	85.770000,-10.180000,0.000000	92.520000,5.550000,0.000000	87.370000,3.770000,0.000000
9.90307	-13.010000,-71.630000,0.000000	83.300000,-26.940000,0.000000	85.950000,-10.940000,0.000000	92.520000,5.550000,0.000000	87.370000,3.770000,0.000000
9.95293	-13.930000,-71.510000,0.000000	82.380000,-27.110000,0.000000	86.490000,-11.170000,0.000000	92.520000,5.550000,0.000000	87.370000,3.770000,0.000000
10.02158	-15.930000,-71.410000,0.000000	81.830000,-27.450000,0.000000	86.910000,-11.710000,0.000000	92.520000,5.550000,0.000000	87.370000,3.770000,0.000000
10.07535	-17.430000,-71.550000,0.000000	81.260000,-27.660000,0.000000	87.120000,-12.150000,0.000000	92.520000,5.550000,0.000000	87.370000,3.770000,0.000000
10.08175	-18.800000,-71.740000,0.000000	80.790000,-28.250000,0.000000	87.360000,-12.760000,0.000000	92.520000,5.550000,0.000000	87.370000,3.770000,0.000000
10.13791	-20.560000,-71.910000,0.000000	80.200000,-29.050000,0.000000	87.230000,-13.560000,0.000000	92.520000,5.550000,0.000000	87.370000,3.770000,0.000000
10.20004	-21.490000,-71.950000,0.000000	79.760000,-29.880000,0.000000	87.050000,-14.080000,0.000000	92.520000,5.550000,0.000000	87.370000,3.770000,0.000000
10.25346	-22.810000,-72.110000,0.000000	79.390000,-30.730000,0.000000	87.220000,-14.380000,0.000000	92.520000,5.550000,0.000000	87.370000,3.770000,0.000000
10.26169	-22.660000,-72.600000,0.000000	78.980000,-31.110000,0.000000	87.070000,-13.410000,0.000000	92.520000,5.550000,0.000000	87.370000,3.770000,0.000000
10.31984	-24.240000,-72.710000,0.000000	78.950000,-31.730000,0.000000	86.880000,-13.760000,0.000000	92.520000,5.550000,0.000000	87.370000,3.770000,0.000000
10.36992	-24.290000,-73.060000,0.000000	78.640000,-32.130000,0.000000	86.470000,-13.240000,0.000000	92.520000,5.550000,0.000000	87.370000,3.770000,0.000000
10.43577	-23.650000,-73.390000,0.000000	78.740000,-32.350000,0.000000	86.620000,-13.080000,0.000000	92.520000,5.550000,0.000000	87.370000,3.770000,0.000000
10.44127	-22.920000,-73.630000,0.000000	78.720000,-32.600000,0.000000	86.400000,-12.910000,0.000000	92.520000,5.550000,0.000000	87.370000,3.770000,0.000000
10.49665	-22.760000,-73.930000,0.000000	79.560000,-32.710000,0.000000	87.050000,-12.600000,0.000000	92.520000,5.550000,0.000000	87.370000,3.770000,0.000000
10.55554	-22.270000,-73.960000,0.000000	80.590000,-32.740000,0.000000	87.190000,-13.030000,0.000000	92.520000,5.550000,0.000000	87.370000,3.770000,0.000000
10.62049	-21.370000,-74.020000,0.000000	81.140000,-32.820000,0.000000	87.390000,-13.190000,0.000000	92.520000,5.550000,0.000000	87.370000,3.770000,0.000000
10.62371	-20.580000,-73.860000,0.000000	81.880000,-32.540000,0.000000	87.610000,-13.140000,0.000000	92.520000,5.550000,0.000000	87.370000,3.770000,0.000000
10.66946	-19.880000,-73.520000,0.000000	82.270000,-32.160000,0.000000	87.170000,-13.260000,0.000000	92.520000,5.550000,0.000000	87.370000,3.770000,0.000000
10.73818	-18.440000,-73.460000,0.000000	82.490000,-31.480000,0.000000	87.050000,-12.370000,0.000000	92.520000,5.550000,0.000000	87.370000,3.770000,0.000000
10.80015	-17.580000,-73.390000,0.000000	82.530000,-30.160000,0.000000	86.530000,-10.860000,0.000000	92.520000,5.550000,0.000000	87.370000,3.770000,0.000000
10.80200	-17.380000,-73.200000,0.000000	82.760000,-29.130000,0.000000	86.020000,-10.100000,0.000000	92.520000,5.550000,0.000000	87.370000,3.770000,0.000000
10.85348	-16.220000,-73.070000,0.000000	82.700000,-27.750000,0.000000	85.740000,-9.090000,0.000000	92.520000,5.550000,0.000000	87.370000,3.770000,0.000000
10.91802	-15.560000,-73.000000,0.000000	82.850000,-26.490000,0.000000	85.700000,-8.480000,0.000000	92.520000,5.550000,0.000000	87.370000,3.770000,0.000000
10.96978	-16.200000,-72.680000,0.000000	82.710000,-25.780000,0.000000	85.730000,-8.020000,0.000000	92.520000,5.550000,0.000000	87.370000,3.770000,0.000000
10.98100	-16.850000,-72.430000,0.000000	82.840000,-25.150000,0.000000	86.010000,-7.730000,0.000000	92.520000,5.550000,0.000000	87.370000,3.770000,0.000000
11.03989	-17.300000,-72.410000,0.000000	82.550000,-24.580000,0.000000	85.790000,-7.900000,0.000000	92.520000,5.550000,0.000000	87.370000,3.770000,0.000000
11.09995	-17.270000,-72.430000,0.000000	81.890000,-24.150000,0.000000	85.530000,-8.370000,0.000000	92.520000,5.550000,0.000000	87.370000,3.770000,0.000000
11.15486	-17.650000,-72.430000,0.000000	81.200000,-23.660000,0.000000	85.470000,-8.710000,0.000000	92.520000,5.550000,0.000000	87.370000,3.770000,0.000000
11.16171	-19.000000,-72.420000,0.000000	80.490000,-23.560000,0.000000	85.400000,-8.910000,0.000000	92.520000,5.550000,0.000000	87.370000,3.770000,0.000000
11.22056	-19.850000,-72.450000,0.000000	79.340000,-23.410000,0.000000	85.340000,-8.970000,0.000000	92.520000,5.550000,0.000000	87.370000,3.770000,0.000000
11.27295	-20.940000,-72.630000,0.000000	78.570000,-23.220000,0.000000	85.490000,-9.310000,0.000000	92.520000,5.550000,0.000000	87.370000,3.770000,0.000000
11.33932	-22.500000,-72.770000,0.000000	77.780000,-23.290000,0.000000	85.530000,-9.820000,0.000000	92.520000,5.550000,0.000000	87.370000,3.770000,0.000000
11.34220	-23.950000,-72.920000,0.000000	77.290000,-23.710000,0.000000	85.380000,-10.090000,0.000000	92.520000,5.550000,0.000000	87.370000,3.770000,0.000000
11.40018	-25.420000,-73.090000,0.000000	76.620000,-23.940000,0.000000	85.140000,-10.690000,0.000000	92.520000,5.550000,0.000000	87.370000,3.770000,0.000000
11.45165	-25.690000,-73.390000,0.000000	75.950000,-24.340000,0.000000	84.830000,-11.310000,0.000000	92.520000,5.550000,0.000000	87.370000,3.770000,0.000000
11.52089	-26.740000,-73.730000,0.000000	75.230000,-24.700000,0.000000	84.710000,-11.650000,0.000000	92.520000,5.550000,0.000000	87.370000,3.770000,0.000000
11.52321	-27.450000,-74.010000,0.000000	74.920000,-25.400000,0.000000	84.590000,-11.770000,0.000000	92.520000,5.550000,0.000000	87.370000,3.770000,0.000000
11.57012	-29.730000,-74.010000,0.000000	74.740000,-26.510000,0.000000	83.980000,-12.310000,0.000000	92.520000,5.550000,0.000000	87.370000,3.770000,0.000000
11.63569	-30.170000,-74.330000,0.000000	74.920000,-27.110000,0.000000	84.170000,-12.480000,0.000000	92.520000,5.550000,0.000000	87.370000,3.770000,0.000000
11.70067	-30.350000,-74.540000,0.000000	74.600000,-27.530000,0.000000	83.710000,-12.850000,0.000000	92.520000,5.550000,0.000000	87.370000,3.770000,0.000000
11.70334	-28.400000,-74.950000,0.000000	74.400000,-27.310000,0.000000	83.880000,-12.230000,0.000000	92.520000,5.550000,0.000000	87.370000,3.770000,0.000000
11.75364	-26.410000,-75.100000,0.000000	74.240000,-27.070000,0.000000	83.470000,-11.850000,0.000000	92.520000,5.550000,0.000000	87.370000,3.770000,0.000000
11.82224	-26.740000,-75.130000,0.000000	74.840000,-27.170000,0.000000	83.700000,-11.830000,0.000000	92.520000,5.550000,0.000000	87.370000,3.770000,0.000000
11.87432	-26.720000,-75.190000,0.000000	75.340000,-27.350000,0.000000	83.510000,-12.030000,0.000000	92.520000,5.550000,0.000000	87.370000,3.770000,0.000000
11.88442	-25.280000,-75.490000,0.000000	76.360000,-27.480000,0.000000	83.780000,-12.000000,0.000000	92.520000,5.550000,0.000000	87.370000,3.770000,0.000000
11.94039	-23.690000,-75.600000,0.000000	76.740000,-26.910000,0.000000	83.590000,-11.980000,0.000000	92.520000,5.550000,0.000000	87.370000,3.770000,0.000000
11.99993	-22.930000,-75.660000,0.000000	77.380000,-26.740000,0.000000	83.980000,-11.120000,0.000000	92.520000,5.550000,0.000000	87.370000,3.770000,0.000000
12.05410	-22.760000,-75.470000,0.000000	78.180000,-25.990000,0.000000	84.220000,-9.840000,0.000000	92.520000,5.550000,0.000000	87.370000,3.770000,0.000000
12.06457	-21.180000,-75.490000,0.000000	79.150000,-25.040000,0.000000	84.190000,-8.290000,0.000000	92.520000,5.550000,0.000000	87.370000,3.770000,0.000000
12.11867	-22.550000,-75.580000,0.000000	80.240000,-24.030000,0.000000	84.330000,-7.180000,0.000000	92.520000,5.550000,0.000000	87.370000,3.770000,0.000000
12.17240	-22.260000,-75.700000,0.000000	80.980000,-22.660000,0.000000	84.550000,-6.130000,0.000000	92.520000,5.550000,0.000000	87.370000,3.770000,0.000000
12.23945	-20.730000,-75.700000,0.000000	81.650000,-20.940000,0.000000	84.360000,-5.060000,0.000000	92.520000,5.550000,0.000000	87.370000,3.770000,0.000000
12.29818	-20.080000,-75.490000,0.000000	82.070000,-19.410000,0.000000	84.360000,-4.340000,0.000000	92.520000,5.550000,0.000000	87.370000,3.770000,0.000000
12.30238	-18.920000,-75.190000,0.000000	82.670000,-17.940000,0.000000	84.510000,-3.540000,0.000000	92.520000,5.550000,0.000000	87.370000,3.770000,0.000000
12.36039	-18.040000,-74.840000,0.000000	83.120000,-16.190000,0.000000	84.770000,-2.620000,0.000000	92.520000,5.550000,0.000000	87.370000,3.770000,0.000000
12.42049	-18.010000,-74.550000,0.000000	83.850000,-14.420000,0.000000	85.190000,-2.770000,0.000000	92.520000,5.550000,0.000000	87.370000,3.770000,0.000000
12.42430	-17.830000,-74.400000,0.000000	84.880000,-12.950000,0.000000	85.660000,-1.430000,0.000000	92.520000,5.550000,0.000000	87.370000,3.770000,0.000000
12.47270	-17.330000,-74.390000,0.000000	85.720000,-11.480000,0.000000	85.480000,-1.000000,0.000000	92.520000,5.550000,0.000000	87.370000,3.770000,0.000000
12.53837	-16.900000,-74.410000,0.000000	86.380000,-10.020000,0.000000	85.590000,-0.060000,0.000000	92.520000,5.550000,0.000000	87.370000,3.770000,0.000000
12.59461	-16.570000,-74.460000,0.000000	87.110000,-8.560000,0.000000	85.950000,0.600000,0.000000	92.520000,5.550000,0.000000	87.370000,3.770000,0.000000
12.60435	-16.680000,-74.570000,0.000000	87.950000,-7.170000,0.000000	86.180000,1.600000,0.000000	92.520000,5.550000,0.000000	87.370000,3.770000,0.000000
12.66174	-16.450000,-74.650000,0.000000	88.600000,-5.800000,0.000000	86.330000,2.450000,0.000000	92.520000,5.550000,0.000000	87.370000,3.770000,0.000000
12.72121	-15.560000,-74.740000,0.000000	89.100000,-4.480000,0.000000	86.400000,3.190000,0.000000	92.520000,5.550000,0.000000	87.370000,3.770000,0.000000
12.77181	-14.150000,-74.780000,0.000000	89.500000,-3.080000,0.000000	86.370000,4.120000,0.000000	92.520000,5.550000,0.000000	87.370000,3.770000,0.000000
12.78346	-13.440000,-74.870000,0.000000	89.970000,-1.790000,0.000000	86.580000,5.230000,0.000000	92.520000,5.550000,0.000000	87.370000,3.770000,0.000000
12.83828	-13.290000,-74.880000,0.000000	90.480000,-0.580000,0.000000	86.700000,5.870000,0.000000	92.520000,5.550000,0.000000	87.370000,3.770000,0.000000
12.89762	-12.720000,-74.910000,0.000000	90.880000,0.520000,0.000000	86.770000,6.650000,0.000000	92.520000,5.550000,0.000000	87.370000,3.770000,0.000000
12.96126	-11.900000,-74.970000,0.000000	91.290000,1.590000,0.000000	86.930000,7.340000,0.000000	92.520000,5.550000,0.000000	87.370000,3.770000,0.000000
12.96316	-11.440000,-75.000000,0.000000	91.690000,2.520000,0.000000	87.030000,7.880000,0.000000	92.520000,5.550000,0.000000	87.370000,3.770000,0.000000
13.02021	-11.170000,-74.990000,0.000000	92.100000,3.430000,0.000000	87.000000,8.480000,0.000000	92.520000,5.550000,0.000000	87.370000,3.770000,0.000000
13.07547	-10.900000,-75.050000,0.000000	92.480000,4.320000,0.000000	87.120000,9.100000,0.000000	92.520000,5.550000,0.000000	87.370000,3.770000,0.000000
13.13925	-10.480000,-75.010000,0.000000	92.790000,5.150000,0.000000	87.170000,9.670000,0.000000	92.520000,5.550000,0.000000	87.370000,3.770000,0.000000
13.14232	-9.850000,-75.010000,0.000000	93.070000,5.950000,0.000000	87.150000,10.240000,0.000000	92.520000,5.550000,0.000000	87.370000,3.770000,0.000000
13.20001	-9.220000,-75.030000,0.000000	93.400000,6.680000,0.000000	87.260000,10.630000,0.000000	92.520000,5.550000,0.000000	87.370000,3.770000,0.000000
13.25536	-9.420000,-74.980000,0.000000	93.760000,7.130000,0.000000	87.450000,10.660000,0.000000	92.520000,5.550000,0.000000	87.370000,3.770000,0.000000
13.32290	-8.940000,-74.830000,0.000000	93.930000,7.620000,0.000000	87.550000,10.740000,0.000000	92.520000,5.550000,0.000000	87.370000,3.770000,0.000000
13.32515	-8.840000,-74.700000,0.000000	94.120000,8.240000,0.000000	87.580000,11.010000,0.000000	92.520000,5.550000,0.000000	87.370000,3.770000,0.000000
13.38079	-8.360000,-74.670000,0.000000	94.330000,9.020000,0.000000	87.520000,11.670000,0.000000	92.520000,5.550000,0.000000	87.370000,3.770000,0.000000
13.47600	-7.460000,-74.690000,0.000000	94.460000,9.730000,0.000000	87.490000,12.200000,0.000000	92.520000,5.550000,0.000000	87.370000,3.770000,0.000000
13.49960	-6.530000,-74.650000,0.000000	94.530000,10.290000,0.000000	87.500000,12.460000,0.000000	92.520000,5.550000,0.000000	87.370000,3.770000,0.000000
13.50177	-6.440000,-74.550000,0.000000	94.820000,10.660000,0.000000	87.870000,12.560000,0.000000	92.520000,5.550000,0.000000	87.370000,3.770000,0.000000
13.55580	-5.830000,-74.520000,0.000000	94.950000,11.060000,0.000000	87.870000,12.500000,0.000000	92.520000,5.550000,0.000000	87.370000,3.770000,0.000000
13.61960	-5.050000,-74.460000,0.000000	95.200000,11.390000,0.000000	88.050000,12.540000,0.000000	92.520000,5.550000,0.000000	87.370000,3.770000,0.000000
13.67149	-4.460000,-74.440000,0.000000	95.450000,11.690000,0.000000	88.270000,12.520000,0.000000	92.520000,5.550000,0.000000	87.370000,3.770000,0.000000
13.68116	-3.710000,-74.360000,0.000000	95.530000,11.870000,0.000000	88.380000,12.350000,0.000000	92.520000,5.550000,0.000000	87.370000,3.770000,0.000000
13.73955	-3.090000,-74.340000,0.000000	95.750000,12.240000,0.000000	88.540000,12.440000,0.000000	92.520000,5.550000,0.000000	87.370000,3.770000,0.000000
13.80007	-2.280000,-74.320000,0.000000	95.910000,12.400000,0.000000	88.690000,12.230000,0.000000	92.520000,5.550000,0.000000	87.370000,3.770000,0.000000
13.85665	-1.750000,-74.360000,0.000000	95.870000,12.510000,0.000000	88.710000,12.150000,0.000000	92.520000,5.550000,0.000000	87.370000,3.770000,0.000000
13.86325	-1.530000,-74.280000,0.000000	95.900000,12.750000,0.000000	88.730000,12.550000,0.000000	92.520000,5.550000,0.000000	87.370000,3.770000,0.000000
13.91776	-1.480000,-74.040000,0.000000	95.780000,13.150000,0.000000	88.430000,12.930000,0.000000	92.520000,5.550000,0.000000	87.370000,3.770000,0.000000
13.97211	-1.220000,-73.850000,0.000000	95.710000,13.430000,0.000000	88.240000,13.760000,0.000000	92.520000,5.550000,0.000000	87.370000,3.770000,0.000000
14.04040	-0.440000,-73.700000,0.000000	95.560000,13.040000,0.000000	88.090000,13.320000,0.000000	92.520000,5.550000,0.000000	87.370000,3.770000,0.000000
14.04270	-0.120000,-73.510000,0.000000	95.630000,11.910000,0.000000	88.090000,13.920000,0.000000	92.520000,5.550000,0.000000	87.370000,3.770000,0.000000
14.10124	-0.510000,-73.480000,0.000000	95.560000,11.230000,0.000000	88.060000,15.240000,0.000000	92.520000,5.550000,0.000000	87.370000,3.770000,0.000000
14.15478	-0.560000,-73.330000,0.000000	95.230000,10.580000,0.000000	87.660000,15.460000,0.000000	92.520000,5.550000,0.000000	87.370000,3.770000,0.000000
14.22019	-0.480000,-73.000000,0.000000	94.980000,9.900000,0.000000	86.730000,17.150000,0.000000	92.520000,5.550000,0.000000	87.370000,3.770000,0.000000
14.22234	-1.150000,-72.880000,0.000000	94.740000,9.250000,0.000000	85.740000,20.250000,0.000000	92.520000,5.550000,0.000000	87.370000,3.770000,0.000000
14.27276	-1.650000,-72.630000,0.000000	94.550000,8.630000,0.000000	83.370000,23.110000,0.000000	92.520000,5.550000,0.000000	87.370000,3.770000,0.000000
14.33846	-1.980000,-72.360000,0.000000	94.230000,7.570000,0.000000	79.720000,27.020000,0.000000	92.520000,5.550000,0.000000	87.370000,3.770000,0.000000
14.40082	-3.220000,-71.980000,0.000000	93.750000,6.860000,0.000000	72.450000,31.610000,0.000000	92.520000,5.550000,0.000000	87.370000,3.770000,0.000000
14.40546	-2.960000,-71.640000,0.000000	93.400000,6.330000,0.000000	64.650000,35.830000,0.000000	92.520000,5.550000,0.000000	87.370000,3.770000,0.000000
14.45618	-3.030000,-71.260000,0.000000	93.170000,5.650000,0.000000	54.440000,39.680000,0.000000	92.520000,5.550000,0.000000	87.370000,3.770000,0.000000
14.52227	-3.170000,-70.980000,0.000000	92.960000,4.500000,0.000000	44.110000,42.440000,0.000000	92.520000,5.550000,0.000000	87.370000,3.770000,0.000000
14.57286	-3.540000,-70.710000,0.000000	92.870000,3.230000,0.000000	33.520000,45.970000,0.000000	92.520000,5.550000,0.000000	87.370000,3.770000,0.000000
14.58182	-3.750000,-70.400000,0.000000	92.820000,2.030000,0.000000	24.510000,49.020000,0.000000	92.520000,5.550000,0.000000	87.370000,3.770000,0.000000
14.63943	-4.050000,-70.040000,0.000000	92.520000,1.060000,0.000000	18.010000,52.330000,0.000000	92.520000,5.550000,0.000000	87.370000,3.770000,0.000000
14.70238	-3.860000,-69.590000,0.000000	92.390000,0.250000,0.000000	14.380000,55.890000,0.000000	92.520000,5.550000,0.000000	87.370000,3.770000,0.000000
14.75428	-3.590000,-69.270000,0.000000	92.170000,-0.580000,0.000000	12.290000,57.940000,0.000000	92.520000,5.550000,0.000000	87.370000,3.770000,0.000000
14.76465	-3.970000,-69.100000,0.000000	91.940000,-1.610000,0.000000	12.430000,59.910000,0.000000	92.520000,5.550000,0.000000	87.370000,3.770000,0.000000
14.81834	-4.140000,-68.970000,0.000000	91.710000,-2.370000,0.000000	13.880000,62.200000,0.000000	92.520000,5.550000,0.000000	87.370000,3.770000,0.000000
14.87338	-4.200000,-68.860000,0.000000	91.720000,-3.090000,0.000000	15.970000,62.460000,0.000000	92.520000,5.550000,0.000000	87.370000,3.770000,0.000000
14.93950	-4.430000,-68.800000,0.000000	91.470000,-3.760000,0.000000	18.920000,62.380000,0.000000	92.520000,5.550000,0.000000	87.370000,3.770000,0.000000
14.94260	-4.980000,-68.790000,0.000000	91.210000,-4.390000,0.000000	21.420000,62.050000,0.000000	92.520000,5.550000,0.000000	87.370000,3.770000,0.000000
15.00139	-5.330000,-69.030000,0.000000	91.220000,-4.670000,0.000000	24.860000,61.790000,0.000000	92.520000,5.550000,0.000000	87.370000,3.770000,0.000000
15.05614	-5.980000,-69.400000,0.000000	91.190000,-4.800000,0.000000	27.790000,60.680000,0.000000	92.520000,5.550000,0.000000	87.370000,3.770000,0.000000
15.12227	-6.810000,-69.630000,0.000000	91.100000,-4.610000,0.000000	30.990000,58.280000,0.000000	92.520000,5.550000,0.000000	87.370000,3.770000,0.000000
15.12448	-7.790000,-69.950000,0.000000	90.610000,-4.840000,0.000000	34.730000,56.070000,0.000000	92.520000,5.550000,0.000000	87.370000,3.770000,0.000000
15.17356	-7.090000,-69.850000,0.000000	90.380000,-5.820000,0.000000	37.410000,53.360000,0.000000	92.520000,5.550000,0.000000	87.370000,3.770000,0.000000
15.23770	-7.140000,-70.320000,0.000000	90.650000,-3.380000,0.000000	37.680000,46.550000,0.000000	92.520000,5.550000,0.000000	87.370000,3.770000,0.000000
15.30140	-8.650000,-70.480000,0.000000	90.970000,-4.400000,0.000000	41.290000,44.590000,0.000000	92.520000,5.550000,0.000000	87.370000,3.770000,0.000000
15.30448	-8.820000,-70.750000,0.000000	90.880000,-3.460000,0.000000	45.540000,41.880000,0.000000	92.520000,5.550000,0.000000	87.370000,3.770000,0.000000
15.35388	-7.780000,-71.220000,0.000000	91.160000,-3.130000,0.000000	48.690000,38.210000,0.000000	92.520000,5.550000,0.000000	87.370000,3.770000,0.000000
15.42060	-8.660000,-71.680000,0.000000	91.280000,-2.750000,0.000000	52.090000,34.690000,0.000000	92.520000,5.550000,0.000000	87.370000,3.770000,0.000000
15.47453	-9.610000,-72.140000,0.000000	91.550000,-2.370000,0.000000	55.240000,32.180000,0.000000	92.520000,5.550000,0.000000	87.370000,3.770000,0.000000
15.48541	-9.880000,-72.700000,0.000000	91.680000,-1.720000,0.000000	57.890000,29.600000,0.000000	92.520000,5.550000,0.000000	87.370000,3.770000,0.000000
15.53641	-10.640000,-73.220000,0.000000	91.870000,-1.140000,0.000000	60.570000,27.360000,0.000000	92.520000,5.550000,0.000000	87.370000,3.770000,0.000000
15.59348	-10.910000,-73.710000,0.000000	92.020000,-0.350000,0.000000	63.150000,25.290000,0.000000	92.520000,5.550000,0.000000	87.370000,3.770000,0.000000
15.65468	-11.100000,-74.100000,0.000000	92.200000,0.330000,0.000000	65.600000,23.140000,0.000000	92.520000,5.550000,0.000000	87.370000,3.770000,0.000000
15.66253	-11.000000,-74.380000,0.000000	92.340000,0.920000,0.000000	68.070000,21.000000,0.000000	92.520000,5.550000,0.000000	87.370000,3.770000,0.000000
15.71980	-10.940000,-74.710000,0.000000	92.610000,1.450000,0.000000	70.320000,19.030000,0.000000	92.520000,5.550000,0.000000	87.370000,3.770000,0.000000
15.77531	-11.080000,-75.070000,0.000000	92.750000,2.060000,0.000000	72.340000,17.340000,0.000000	92.520000,5.550000,0.000000	87.370000,3.770000,0.000000
15.83841	-11.250000,-75.350000,0.000000	92.770000,2.730000,0.000000	74.280000,15.580000,0.000000	92.520000,5.550000,0.000000	87.370000,3.770000,0.000000
15.84270	-11.560000,-75.620000,0.000000	92.860000,3.320000,0.000000	76.110000,13.970000,0.000000	92.520000,5.550000,0.000000	87.370000,3.770000,0.000000
15.89220	-11.400000,-75.850000,0.000000	92.920000,3.870000,0.000000	77.860000,12.580000,0.000000	92.520000,5.550000,0.000000	87.370000,3.770000,0.000000
15.95948	-11.540000,-76.020000,0.000000	93.010000,4.410000,0.000000	79.470000,11.270000,0.000000	92.520000,5.550000,0.000000	87.370000,3.770000,0.000000
16.02033	-11.450000,-76.190000,0.000000	93.140000,4.940000,0.000000	80.990000,10.160000,0.000000	92.520000,5.550000,0.000000	87.370000,3.770000,0.000000
16.02343	-11.330000,-76.420000,0.000000	93.240000,5.460000,0.000000	82.450000,9.200000,0.000000	92.520000,5.550000,0.000000	87.370000,3.770000,0.000000
16.07583	-11.470000,-76.560000,0.000000	93.270000,5.800000,0.000000	83.820000,8.120000,0.000000	92.520000,5.550000,0.000000	87.370000,3.770000,0.000000
16.13951	-11.420000,-76.670000,0.000000	93.410000,6.160000,0.000000	85.080000,7.200000,0.000000	92.520000,5.550000,0.000000	87.370000,3.770000,0.000000
16.20023	-11.200000,-76.810000,0.000000	93.540000,6.480000,0.000000	86.230000,6.340000,0.000000	92.520000,5.550000,0.000000	87.370000,3.770000,0.000000
16.20514	-10.700000,-77.010000,0.000000	93.640000,6.790000,0.000000	87.330000,5.480000,0.000000	92.520000,5.550000,0.000000	87.370000,3.770000,0.000000
16.25482	-10.310000,-77.160000,0.000000	93.800000,7.210000,0.000000	88.330000,4.760000,0.000000	92.520000,5.550000,0.000000	87.370000,3.770000,0.000000
16.32042	-9.660000,-77.270000,0.000000	93.930000,7.560000,0.000000	89.240000,3.990000,0.000000	92.520000,5.550000,0.000000	87.370000,3.770000,0.000000
16.37702	-9.030000,-77.350000,0.000000	94.090000,7.870000,0.000000	90.180000,3.250000,0.000000	92.520000,5.550000,0.000000	87.370000,3.770000,0.000000
16.43727	-8.540000,-77.360000,0.000000	94.220000,8.150000,0.000000	91.050000,2.690000,0.000000	92.520000,5.550000,0.000000	87.370000,3.770000,0.000000
16.44435	-8.060000,-77.370000,0.000000	94.330000,8.480000,0.000000	91.830000,2.180000,0.000000	92.520000,5.550000,0.000000	87.370000,3.770000,0.000000
16.52264	-7.520000,-77.400000,0.000000	94.490000,8.610000,0.000000	92.550000,1.760000,0.000000	92.520000,5.550000,0.000000	87.370000,3.770000,0.000000
16.55392	-6.960000,-77.500000,0.000000	94.740000,8.850000,0.000000	93.230000,1.340000,0.000000	92.520000,5.550000,0.000000	87.370000,3.770000,0.000000
16.56399	-6.570000,-77.630000,0.000000	94.870000,9.190000,0.000000	93.880000,0.930000,0.000000	92.520000,5.550000,0.000000	87.370000,3.770000,0.000000
16.61799	-5.580000,-77.700000,0.000000	95.080000,9.520000,0.000000	94.490000,0.610000,0.000000	92.520000,5.550000,0.000000	87.370000,3.770000,0.000000
16.67737	-4.330000,-77.820000,0.000000	95.170000,10.000000,0.000000	95.020000,0.390000,0.000000	92.520000,5.550000,0.000000	87.370000,3.770000,0.000000
16.73882	-3.520000,-77.890000,0.000000	95.380000,10.460000,0.000000	95.500000,0.310000,0.000000	92.520000,5.550000,0.000000	87.370000,3.770000,0.000000
16.74227	-2.530000,-77.880000,0.000000	95.540000,10.940000,0.000000	96.010000,0.110000,0.000000	92.520000,5.550000,0.000000	87.370000,3.770000,0.000000
16.80107	-1.680000,-77.790000,0.000000	95.760000,11.280000,0.000000	96.550000,-0.040000,0.000000	92.520000,5.550000,0.000000	87.370000,3.770000,0.000000
16.85567	-0.760000,-77.700000,0.000000	95.980000,11.550000,0.000000	96.980000,-0.250000,0.000000	92.520000,5.550000,0.000000	87.370000,3.770000,0.000000
16.92107	-0.280000,-77.590000,0.000000	96.070000,11.910000,0.000000	97.350000,-0.300000,0.000000	92.520000,5.550000,0.000000	87.370000,3.770000,0.000000
16.92452	0.380000,-77.520000,0.000000	96.240000,12.290000,0.000000	97.710000,-0.320000,0.000000	92.520000,5.550000,0.000000	87.370000,3.770000,0.000000
16.97844	1.140000,-77.470000,0.000000	96.360000,12.620000,0.000000	97.980000,-0.410000,0.000000	92.520000,5.550000,0.000000	87.370000,3.770000,0.000000
17.03723	1.440000,-77.450000,0.000000	96.450000,12.890000,0.000000	98.200000,-0.320000,0.000000	92.520000,5.550000,0.000000	87.370000,3.770000,0.000000
17.09502	1.770000,-77.410000,0.000000	96.500000,13.130000,0.000000	98.420000,-0.330000,0.000000	92.520000,5.550000,0.000000	87.370000,3.770000,0.000000
17.10385	2.140000,-77.360000,0.000000	96.570000,13.310000,0.000000	98.610000,-0.320000,0.000000	92.520000,5.550000,0.000000	87.370000,3.770000,0.000000
17.15899	2.530000,-77.330000,0.000000	96.640000,13.540000,0.000000	98.690000,-0.220000,0.000000	92.520000,5.550000,0.000000	87.370000,3.770000,0.000000
17.22049	2.820000,-77.370000,0.000000	96.690000,13.740000,0.000000	98.830000,-0.170000,0.000000	92.520000,5.550000,0.000000	87.370000,3.770000,0.000000
17.27964	2.980000,-77.290000,0.000000	96.630000,13.870000,0.000000	98.930000,-0.150000,0.000000	92.520000,5.550000,0.000000	87.370000,3.770000,0.000000
17.28249	3.080000,-77.370000,0.000000	96.720000,14.000000,0.000000	98.920000,-0.140000,0.000000	92.520000,5.550000,0.000000	87.370000,3.770000,0.000000
17.33502	3.170000,-77.350000,0.000000	96.720000,14.230000,0.000000	99.020000,0.000000,0.000000	92.520000,5.550000,0.000000	87.370000,3.770000,0.000000
17.38921	3.320000,-77.190000,0.000000	96.740000,14.380000,0.000000	99.110000,0.060000,0.000000	92.520000,5.550000,0.000000	87.370000,3.770000,0.000000
17.45466	3.260000,-77.060000,0.000000	96.720000,14.490000,0.000000	99.120000,0.170000,0.000000	92.520000,5.550000,0.000000	87.370000,3.770000,0.000000
17.46272	3.240000,-77.000000,0.000000	96.730000,14.570000,0.000000	99.120000,0.250000,0.000000	92.520000,5.550000,0.000000	87.370000,3.770000,0.000000
17.51946	3.360000,-76.940000,0.000000	96.790000,14.650000,0.000000	99.030000,0.350000,0.000000	92.520000,5.550000,0.000000	87.370000,3.770000,0.000000
17.58029	3.350000,-76.880000,0.000000	96.830000,14.760000,0.000000	99.080000,0.570000,0.000000	92.520000,5.550000,0.000000	87.370000,3.770000,0.000000
17.63999	3.660000,-76.760000,0.000000	96.920000,14.770000,0.000000	99.070000,0.670000,0.000000	92.520000,5.550000,0.000000	87.370000,3.770000,0.000000
17.64288	3.890000,-76.680000,0.000000	96.970000,14.870000,0.000000	98.980000,0.860000,0.000000	92.520000,5.550000,0.000000	87.370000,3.770000,0.000000
17.68753	4.150000,-76.700000,0.000000	96.940000,14.870000,0.000000	98.920000,1.020000,0.000000	92.520000,5.550000,0.000000	87.370000,3.770000,0.000000
17.75522	4.460000,-76.700000,0.000000	96.880000,14.950000,0.000000	98.810000,1.170000,0.000000	92.520000,5.550000,0.000000	87.370000,3.770000,0.000000
17.82146	4.590000,-76.730000,0.000000	96.840000,15.020000,0.000000	98.550000,1.430000,0.000000	92.520000,5.550000,0.000000	87.370000,3.770000,0.000000
17.82416	4.410000,-76.830000,0.000000	96.760000,15.040000,0.000000	98.440000,1.630000,0.000000	92.520000,5.550000,0.000000	87.370000,3.770000,0.000000
17.88104	4.390000,-76.890000,0.000000	96.730000,14.960000,0.000000	98.330000,1.710000,0.000000	92.520000,5.550000,0.000000	87.370000,3.770000,0.000000
17.93565	3.670000,-76.980000,0.000000	96.710000,14.770000,0.000000	98.180000,1.700000,0.000000	92.520000,5.550000,0.000000	87.370000,3.770000,0.000000
18.00084	3.130000,-77.000000,0.000000	96.700000,14.590000,0.000000	98.140000,1.750000,0.000000	92.520000,5.550000,0.000000	87.370000,3.770000,0.000000
18.00339	2.640000,-77.020000,0.000000	96.640000,14.530000,0.000000	98.000000,1.850000,0.000000	92.520000,5.550000,0.000000	87.370000,3.770000,0.000000
18.06067	2.660000,-77.060000,0.000000	96.620000,14.580000,0.000000	97.840000,2.100000,0.000000	92.520000,5.550000,0.000000	87.370000,3.770000,0.000000
18.11763	2.760000,-77.100000,0.000000	96.560000,14.610000,0.000000	97.680000,2.220000,0.000000	92.520000,5.550000,0.000000	87.370000,3.770000,0.000000
18.17971	3.060000,-77.140000,0.000000	96.490000,14.620000,0.000000	97.580000,2.350000,0.000000	92.520000,5.550000,0.000000	87.370000,3.770000,0.000000
18.18227	3.160000,-77.110000,0.000000	96.520000,14.520000,0.000000	97.450000,2.300000,0.000000	92.520000,5.550000,0.000000	87.370000,3.770000,0.000000
18.23589	2.830000,-77.070000,0.000000	96.570000,14.320000,0.000000	97.390000,2.210000,0.000000	92.520000,5.550000,0.000000	87.370000,3.770000,0.000000
18.30099	2.790000,-77.080000,0.000000	96.600000,14.160000,0.000000	97.330000,2.340000,0.000000	92.520000,5.550000,0.000000	87.370000,3.770000,0.000000
18.35669	2.750000,-77.020000,0.000000	96.600000,14.150000,0.000000	97.280000,2.500000,0.000000	92.520000,5.550000,0.000000	87.370000,3.770000,0.000000
18.36292	3.330000,-77.020000,0.000000	96.610000,14.180000,0.000000	97.160000,2.630000,0.000000	92.520000,5.550000,0.000000	87.370000,3.770000,0.000000
18.46476	3.520000,-76.950000,0.000000	96.590000,14.160000,0.000000	97.000000,2.910000,0.000000	92.520000,5.550000,0.000000	87.370000,3.770000,0.000000
18.47232	4.010000,-76.880000,0.000000	96.570000,14.220000,0.000000	96.980000,3.050000,0.000000	92.520000,5.550000,0.000000	87.370000,3.770000,0.000000
18.53637	4.100000,-76.810000,0.000000	96.600000,14.160000,0.000000	96.900000,3.160000,0.000000	92.520000,5.550000,0.000000	87.370000,3.770000,0.000000
18.54453	3.900000,-76.720000,0.000000	96.610000,14.080000,0.000000	96.780000,3.190000,0.000000	92.520000,5.550000,0.000000	87.370000,3.770000,0.000000
18.60192	3.980000,-76.710000,0.000000	96.600000,14.070000,0.000000	96.630000,3.360000,0.000000	92.520000,5.550000,0.000000	87.370000,3.770000,0.000000
18.65410	4.070000,-76.720000,0.000000	96.570000,14.020000,0.000000	96.540000,3.440000,0.000000	92.520000,5.550000,0.000000	87.370000,3.770000,0.000000
18.72167	4.070000,-76.910000,0.000000	96.550000,13.940000,0.000000	96.430000,3.570000,0.000000	92.520000,5.550000,0.000000	87.370000,3.770000,0.000000
18.72569	4.300000,-76.960000,0.000000	96.590000,13.890000,0.000000	96.350000,3.630000,0.000000	92.520000,5.550000,0.000000	87.370000,3.770000,0.000000
18.77250	4.850000,-77.000000,0.000000	96.630000,13.800000,0.000000	96.300000,3.770000,0.000000	92.520000,5.550000,0.000000	87.370000,3.770000,0.000000
18.83848	4.910000,-76.890000,0.000000	96.760000,13.720000,0.000000	96.240000,3.890000,0.000000	92.520000,5.550000,0.000000	87.370000,3.770000,0.000000
18.90108	4.930000,-76.970000,0.000000	96.780000,13.690000,0.000000	96.150000,4.000000,0.000000	92.520000,5.550000,0.000000	87.370000,3.770000,0.000000
18.90377	5.170000,-77.050000,0.000000	96.770000,13.730000,0.000000	96.090000,4.140000,0.000000	92.520000,5.550000,0.000000	87.370000,3.770000,0.000000
18.95599	5.120000,-77.070000,0.000000	96.740000,13.720000,0.000000	96.010000,4.220000,0.000000	92.520000,5.550000,0.000000	87.370000,3.770000,0.000000
19.01765	5.840000,-77.090000,0.000000	96.800000,13.730000,0.000000	95.970000,4.360000,0.000000	92.520000,5.550000,0.000000	87.370000,3.770000,0.000000
19.08072	5.710000,-77.140000,0.000000	96.880000,13.560000,0.000000	95.870000,4.410000,0.000000	92.520000,5.550000,0.000000	87.370000,3.770000,0.000000
19.08538	5.550000,-77.240000,0.000000	96.910000,13.410000,0.000000	95.810000,4.430000,0.000000	92.520000,5.550000,0.000000	87.370000,3.770000,0.000000
19.13991	5.920000,-77.370000,0.000000	96.920000,13.270000,0.000000	95.680000,4.470000,0.000000	92.520000,5.550000,0.000000	87.370000,3.770000,0.000000
19.20147	5.860000,-77.500000,0.000000	96.880000,13.120000,0.000000	95.600000,4.410000,0.000000	92.520000,5.550000,0.000000	87.370000,3.770000,0.000000
19.25360	5.810000,-77.550000,0.000000	96.910000,12.990000,0.000000	95.510000,4.520000,0.000000	92.520000,5.550000,0.000000	87.370000,3.770000,0.000000
19.26359	5.760000,-77.610000,0.000000	96.920000,12.980000,0.000000	95.420000,4.580000,0.000000	92.520000,5.550000,0.000000	87.370000,3.770000,0.000000
19.32036	5.510000,-77.610000,0.000000	96.940000,12.990000,0.000000	95.370000,4.620000,0.000000	92.520000,5.550000,0.000000	87.370000,3.770000,0.000000
19.37203	5.250000,-77.610000,0.000000	96.950000,12.910000,0.000000	95.320000,4.650000,0.000000	92.520000,5.550000,0.000000	87.370000,3.770000,0.000000
19.44062	4.890000,-77.620000,0.000000	97.060000,12.740000,0.000000	95.310000,4.640000,0.000000	92.520000,5.550000,0.000000	87.370000,3.770000,0.000000
19.44361	4.890000,-77.700000,0.000000	97.150000,12.570000,0.000000	95.280000,4.590000,0.000000	92.520000,5.550000,0.000000	87.370000,3.770000,0.000000
19.49922	4.920000,-77.800000,0.000000	97.260000,12.510000,0.000000	95.310000,4.670000,0.000000	92.520000,5.550000,0.000000	87.370000,3.770000,0.000000
19.55431	5.090000,-77.830000,0.000000	97.270000,12.590000,0.000000	95.260000,4.890000,0.000000	92.520000,5.550000,0.000000	87.370000,3.770000,0.000000
19.62033	5.190000,-77.790000,0.000000	97.240000,12.680000,0.000000	95.190000,5.020000,0.000000	92.520000,5.550000,0.000000	87.370000,3.770000,0.000000
19.62402	5.360000,-77.740000,0.000000	97.230000,12.750000,0.000000	95.100000,5.100000,0.000000	92.520000,5.550000,0.000000	87.370000,3.770000,0.000000
19.67107	5.180000,-77.750000,0.000000	97.240000,12.690000,0.000000	95.060000,5.160000,0.000000	92.520000,5.550000,0.000000	87.370000,3.770000,0.000000
19.73789	5.110000,-77.820000,0.000000	97.160000,12.660000,0.000000	95.000000,5.120000,0.000000	92.520000,5.550000,0.000000	87.370000,3.770000,0.000000
19.80123	5.410000,-77.860000,0.000000	97.130000,12.560000,0.000000	94.970000,5.050000,0.000000	92.520000,5.550000,0.000000	87.370000,3.770000,0.000000
19.80387	5.710000,-77.830000,0.000000	97.230000,12.440000,0.000000	95.060000,5.060000,0.000000	92.520000,5.550000,0.000000	87.370000,3.770000,0.000000
19.85510	5.760000,-77.900000,0.000000	97.260000,12.360000,0.000000	94.980000,5.170000,0.000000	92.520000,5.550000,0.000000	87.370000,3.770000,0.000000
19.91824	6.110000,-77.920000,0.000000	97.320000,12.240000,0.000000	95.010000,5.220000,0.000000	92.520000,5.550000,0.000000	87.370000,3.770000,0.000000
19.97121	6.050000,-78.000000,0.000000	97.340000,12.220000,0.000000	94.980000,5.240000,0.000000	92.520000,5.550000,0.000000	87.370000,3.770000,0.000000
19.98450	5.980000,-78.050000,0.000000	97.300000,12.230000,0.000000	94.890000,5.310000,0.000000	92.520000,5.550000,0.000000	87.370000,3.770000,0.000000
20.04000	6.360000,-78.070000,0.000000	97.250000,12.260000,0.000000	94.880000,5.380000,0.000000	92.520000,5.550000,0.000000	87.370000,3.770000,0.000000
