time	pelvis_imu	femur_r_imu	tibia_r_imu	femur_l_imu	tibia_l_imu
0.00000	-16.690000,-86.950000,0.000000	88.030000,3.720000,0.000000	82.360000,-5.820000,0.000000	88.030000,3.720000,0.000000	82.360000,-5.820000,0.000000
0.04705	-17.100000,-86.890000,0.000000	88.090000,3.830000,0.000000	82.420000,-5.730000,0.000000	88.030000,3.720000,0.000000	82.360000,-5.820000,0.000000
0.08142	-16.430000,-86.870000,0.000000	88.170000,3.930000,0.000000	82.440000,-5.700000,0.000000	88.030000,3.720000,0.000000	82.360000,-5.820000,0.000000
0.13312	-16.310000,-86.780000,0.000000	88.200000,4.010000,0.000000	82.460000,-5.630000,0.000000	88.030000,3.720000,0.000000	82.360000,-5.820000,0.000000
0.18130	-16.180000,-86.810000,0.000000	88.310000,4.050000,0.000000	82.460000,-5.640000,0.000000	88.030000,3.720000,0.000000	82.360000,-5.820000,0.000000
0.23223	-16.560000,-86.720000,0.000000	88.290000,4.090000,0.000000	82.500000,-5.680000,0.000000	88.030000,3.720000,0.000000	82.360000,-5.820000,0.000000
0.27183	-16.720000,-86.680000,0.000000	88.340000,4.120000,0.000000	82.500000,-5.600000,0.000000	88.030000,3.720000,0.000000	82.360000,-5.820000,0.000000
0.31496	-16.800000,-86.620000,0.000000	88.430000,4.160000,0.000000	82.520000,-5.670000,0.000000	88.030000,3.720000,0.000000	82.360000,-5.820000,0.000000
0.35786	-16.270000,-86.530000,0.000000	88.410000,4.220000,0.000000	82.570000,-5.590000,0.000000	88.030000,3.720000,0.000000	82.360000,-5.820000,0.000000
0.40056	-15.760000,-86.470000,0.000000	88.480000,4.230000,0.000000	82.590000,-5.630000,0.000000	88.030000,3.720000,0.000000	82.360000,-5.820000,0.000000
0.45049	-15.220000,-86.420000,0.000000	88.480000,4.310000,0.000000	82.640000,-5.600000,0.000000	88.030000,3.720000,0.000000	82.360000,-5.820000,0.000000
0.49485	-15.380000,-86.390000,0.000000	88.530000,4.370000,0.000000	82.690000,-5.610000,0.000000	88.030000,3.720000,0.000000	82.360000,-5.820000,0.000000
0.53292	-15.520000,-86.320000,0.000000	88.600000,4.360000,0.000000	82.730000,-5.670000,0.000000	88.030000,3.720000,0.000000	82.360000,-5.820000,0.000000
0.58513	-15.820000,-86.290000,0.000000	88.580000,4.380000,0.000000	82.810000,-5.660000,0.000000	88.030000,3.720000,0.000000	82.360000,-5.820000,0.000000
0.62994	-15.830000,-86.290000,0.000000	88.610000,4.410000,0.000000	82.880000,-5.680000,0.000000	88.030000,3.720000,0.000000	82.360000,-5.820000,0.000000
0.67122	-15.860000,-86.320000,0.000000	88.650000,4.430000,0.000000	82.940000,-5.680000,0.000000	88.030000,3.720000,0.000000	82.360000,-5.820000,0.000000
0.74746	-15.280000,-86.300000,0.000000	88.710000,4.440000,0.000000	82.970000,-5.780000,0.000000	88.030000,3.720000,0.000000	82.360000,-5.820000,0.000000
0.76479	-15.610000,-86.260000,0.000000	88.660000,4.450000,0.000000	83.020000,-5.810000,0.000000	88.030000,3.720000,0.000000	82.360000,-5.820000,0.000000
0.79805	-16.030000,-86.250000,0.000000	88.670000,4.450000,0.000000	83.050000,-5.950000,0.000000	88.030000,3.720000,0.000000	82.360000,-5.820000,0.000000
0.84849	-15.280000,-86.240000,0.000000	88.730000,4.500000,0.000000	83.110000,-5.950000,0.000000	88.030000,3.720000,0.000000	82.360000,-5.820000,0.000000
0.89911	-14.710000,-86.170000,0.000000	88.700000,4.580000,0.000000	83.140000,-6.010000,0.000000	88.030000,3.720000,0.000000	82.360000,-5.820000,0.000000
0.93912	-14.390000,-86.110000,0.000000	88.780000,4.660000,0.000000	83.220000,-6.120000,0.000000	88.030000,3.720000,0.000000	82.360000,-5.820000,0.000000
0.99002	-13.790000,-86.090000,0.000000	88.840000,4.740000,0.000000	83.220000,-6.220000,0.000000	88.030000,3.720000,0.000000	82.360000,-5.820000,0.000000
1.03281	-13.490000,-86.040000,0.000000	88.870000,4.730000,0.000000	83.230000,-6.250000,0.000000	88.030000,3.720000,0.000000	82.360000,-5.820000,0.000000
1.08168	-13.440000,-85.970000,0.000000	88.850000,4.750000,0.000000	83.240000,-6.310000,0.000000	88.030000,3.720000,0.000000	82.360000,-5.820000,0.000000
1.12705	-13.330000,-85.870000,0.000000	88.890000,4.830000,0.000000	83.280000,-6.410000,0.000000	88.030000,3.720000,0.000000	82.360000,-5.820000,0.000000
1.16483	-13.280000,-85.840000,0.000000	88.920000,4.860000,0.000000	83.260000,-6.480000,0.000000	88.030000,3.720000,0.000000	82.360000,-5.820000,0.000000
1.21577	-12.530000,-85.770000,0.000000	88.980000,4.850000,0.000000	83.330000,-6.570000,0.000000	88.030000,3.720000,0.000000	82.360000,-5.820000,0.000000
1.25559	-13.010000,-85.780000,0.000000	89.080000,4.770000,0.000000	83.380000,-6.620000,0.000000	88.030000,3.720000,0.000000	82.360000,-5.820000,0.000000
1.30586	-12.840000,-85.800000,0.000000	89.010000,4.720000,0.000000	83.350000,-6.650000,0.000000	88.030000,3.720000,0.000000	82.360000,-5.820000,0.000000
1.36827	-12.850000,-85.800000,0.000000	89.040000,4.770000,0.000000	83.370000,-6.800000,0.000000	88.030000,3.720000,0.000000	82.360000,-5.820000,0.000000
1.41749	-12.900000,-85.750000,0.000000	89.060000,4.750000,0.000000	83.360000,-6.920000,0.000000	88.030000,3.720000,0.000000	82.360000,-5.820000,0.000000
1.48304	-12.680000,-85.660000,0.000000	89.070000,4.720000,0.000000	83.380000,-7.180000,0.000000	88.030000,3.720000,0.000000	82.360000,-5.820000,0.000000
1.48875	-12.850000,-85.590000,0.000000	89.140000,4.700000,0.000000	83.400000,-7.190000,0.000000	88.030000,3.720000,0.000000	82.360000,-5.820000,0.000000
1.54069	-10.960000,-85.540000,0.000000	88.960000,4.700000,0.000000	83.360000,-7.460000,0.000000	88.030000,3.720000,0.000000	82.360000,-5.820000,0.000000
1.60088	-9.540000,-85.360000,0.000000	89.180000,4.460000,0.000000	83.480000,-7.630000,0.000000	88.030000,3.720000,0.000000	82.360000,-5.820000,0.000000
1.71571	-7.840000,-85.160000,0.000000	89.580000,4.130000,0.000000	83.940000,-7.820000,0.000000	88.030000,3.720000,0.000000	82.360000,-5.820000,0.000000
1.72948	-5.530000,-84.980000,0.000000	89.780000,3.670000,0.000000	84.020000,-8.580000,0.000000	88.030000,3.720000,0.000000	82.360000,-5.820000,0.000000
1.73118	-4.970000,-84.810000,0.000000	89.350000,2.750000,0.000000	84.420000,-9.430000,0.000000	88.030000,3.720000,0.000000	82.360000,-5.820000,0.000000
1.78359	-4.070000,-84.560000,0.000000	88.920000,1.540000,0.000000	84.500000,-10.680000,0.000000	88.030000,3.720000,0.000000	82.360000,-5.820000,0.000000
1.83901	-6.600000,-84.440000,0.000000	88.400000,0.130000,0.000000	85.370000,-10.430000,0.000000	88.030000,3.720000,0.000000	82.360000,-5.820000,0.000000
1.84948	-10.620000,-84.020000,0.000000	87.940000,-1.280000,0.000000	85.450000,-9.880000,0.000000	88.030000,3.720000,0.000000	82.360000,-5.820000,0.000000
1.90047	-13.770000,-84.070000,0.000000	87.830000,-2.710000,0.000000	84.940000,-8.890000,0.000000	88.030000,3.720000,0.000000	82.360000,-5.820000,0.000000
1.96742	-16.600000,-84.000000,0.000000	87.470000,-4.230000,0.000000	84.300000,-7.500000,0.000000	88.030000,3.720000,0.000000	82.360000,-5.820000,0.000000
2.02229	-16.960000,-84.060000,0.000000	87.330000,-5.880000,0.000000	85.050000,-2.970000,0.000000	88.030000,3.720000,0.000000	82.360000,-5.820000,0.000000
2.02869	-17.480000,-84.140000,0.000000	86.990000,-7.360000,0.000000	84.660000,-0.230000,0.000000	88.030000,3.720000,0.000000	82.360000,-5.820000,0.000000
2.08203	-15.340000,-84.350000,0.000000	86.960000,-9.460000,0.000000	84.230000,1.830000,0.000000	88.030000,3.720000,0.000000	82.360000,-5.820000,0.000000
2.14487	-15.310000,-84.440000,0.000000	86.970000,-11.850000,0.000000	83.910000,4.210000,0.000000	88.030000,3.720000,0.000000	82.360000,-5.820000,0.000000
2.19984	-17.980000,-84.400000,0.000000	86.950000,-14.340000,0.000000	83.570000,6.380000,0.000000	88.030000,3.720000,0.000000	82.360000,-5.820000,0.000000
2.20801	-16.560000,-84.540000,0.000000	86.810000,-17.150000,0.000000	83.200000,8.470000,0.000000	88.030000,3.720000,0.000000	82.360000,-5.820000,0.000000
2.26678	-20.410000,-84.460000,0.000000	86.820000,-20.040000,0.000000	83.050000,10.280000,0.000000	88.030000,3.720000,0.000000	82.360000,-5.820000,0.000000
2.31580	-19.790000,-84.440000,0.000000	86.370000,-22.830000,0.000000	82.920000,12.060000,0.000000	88.030000,3.720000,0.000000	82.360000,-5.820000,0.000000
2.38284	-20.650000,-84.300000,0.000000	85.970000,-25.470000,0.000000	82.540000,14.000000,0.000000	88.030000,3.720000,0.000000	82.360000,-5.820000,0.000000
2.38856	-23.330000,-84.020000,0.000000	85.490000,-28.440000,0.000000	82.410000,16.030000,0.000000	88.030000,3.720000,0.000000	82.360000,-5.820000,0.000000
2.44661	-25.220000,-83.870000,0.000000	84.710000,-31.220000,0.000000	82.360000,18.150000,0.000000	88.030000,3.720000,0.000000	82.360000,-5.820000,0.000000
2.49895	-28.090000,-83.980000,0.000000	84.000000,-33.740000,0.000000	82.690000,20.180000,0.000000	88.030000,3.720000,0.000000	82.360000,-5.820000,0.000000
2.56564	-26.580000,-84.150000,0.000000	82.930000,-36.410000,0.000000	82.820000,22.430000,0.000000	88.030000,3.720000,0.000000	82.360000,-5.820000,0.000000
2.56819	-28.660000,-83.790000,0.000000	81.530000,-39.290000,0.000000	83.060000,24.840000,0.000000	88.030000,3.720000,0.000000	82.360000,-5.820000,0.000000
2.61624	-34.810000,-82.680000,0.000000	80.800000,-41.800000,0.000000	83.830000,27.890000,0.000000	88.030000,3.720000,0.000000	82.360000,-5.820000,0.000000
2.68183	-35.960000,-82.900000,0.000000	80.430000,-44.260000,0.000000	84.520000,31.410000,0.000000	88.030000,3.720000,0.000000	82.360000,-5.820000,0.000000
2.73838	-38.430000,-83.080000,0.000000	79.830000,-46.230000,0.000000	85.040000,33.410000,0.000000	88.030000,3.720000,0.000000	82.360000,-5.820000,0.000000
2.74868	-42.490000,-83.160000,0.000000	79.630000,-48.490000,0.000000	85.160000,34.740000,0.000000	88.030000,3.720000,0.000000	82.360000,-5.820000,0.000000
2.80717	-46.880000,-83.310000,0.000000	78.970000,-50.320000,0.000000	85.020000,35.200000,0.000000	88.030000,3.720000,0.000000	82.360000,-5.820000,0.000000
2.86635	-49.330000,-83.140000,0.000000	78.460000,-52.040000,0.000000	85.290000,35.850000,0.000000	88.030000,3.720000,0.000000	82.360000,-5.820000,0.000000
2.92679	-50.430000,-83.130000,0.000000	78.440000,-53.440000,0.000000	85.000000,36.140000,0.000000	88.030000,3.720000,0.000000	82.360000,-5.820000,0.000000
2.92831	-53.340000,-82.950000,0.000000	78.710000,-54.410000,0.000000	85.170000,36.030000,0.000000	88.030000,3.720000,0.000000	82.360000,-5.820000,0.000000
2.98280	-53.060000,-82.740000,0.000000	78.310000,-55.130000,0.000000	84.810000,35.930000,0.000000	88.030000,3.720000,0.000000	82.360000,-5.820000,0.000000
3.04683	-55.600000,-82.720000,0.000000	79.670000,-55.270000,0.000000	84.980000,35.920000,0.000000	88.030000,3.720000,0.000000	82.360000,-5.820000,0.000000
3.09862	-53.710000,-82.530000,0.000000	79.960000,-55.320000,0.000000	84.510000,36.890000,0.000000	88.030000,3.720000,0.000000	82.360000,-5.820000,0.000000
3.10808	-53.730000,-82.610000,0.000000	80.620000,-54.730000,0.000000	85.120000,36.380000,0.000000	88.030000,3.720000,0.000000	82.360000,-5.820000,0.000000
3.16546	-50.350000,-82.350000,0.000000	81.480000,-53.680000,0.000000	83.790000,36.330000,0.000000	88.030000,3.720000,0.000000	82.360000,-5.820000,0.000000
3.22661	-52.530000,-82.290000,0.000000	82.400000,-52.500000,0.000000	83.790000,34.850000,0.000000	88.030000,3.720000,0.000000	82.360000,-5.820000,0.000000
3.28640	-50.240000,-81.980000,0.000000	82.990000,-51.140000,0.000000	83.350000,34.090000,0.000000	88.030000,3.720000,0.000000	82.360000,-5.820000,0.000000
3.28858	-51.230000,-82.140000,0.000000	83.400000,-49.340000,0.000000	83.650000,33.970000,0.000000	88.030000,3.720000,0.000000	82.360000,-5.820000,0.000000
3.34541	-46.870000,-82.250000,0.000000	83.690000,-47.060000,0.000000	83.580000,31.460000,0.000000	88.030000,3.720000,0.000000	82.360000,-5.820000,0.000000
3.40877	-41.190000,-82.170000,0.000000	83.970000,-44.620000,0.000000	82.990000,29.440000,0.000000	88.030000,3.720000,0.000000	82.360000,-5.820000,0.000000
3.46669	-42.220000,-82.120000,0.000000	84.320000,-42.790000,0.000000	83.470000,27.000000,0.000000	88.030000,3.720000,0.000000	82.360000,-5.820000,0.000000
3.46820	-40.170000,-82.000000,0.000000	84.760000,-40.420000,0.000000	83.830000,23.990000,0.000000	88.030000,3.720000,0.000000	82.360000,-5.820000,0.000000
3.51546	-39.000000,-81.800000,0.000000	85.160000,-38.430000,0.000000	84.490000,21.430000,0.000000	88.030000,3.720000,0.000000	82.360000,-5.820000,0.000000
3.58700	-38.690000,-81.590000,0.000000	85.640000,-36.080000,0.000000	84.220000,19.040000,0.000000	88.030000,3.720000,0.000000	82.360000,-5.820000,0.000000
3.64561	-35.320000,-81.430000,0.000000	85.970000,-33.350000,0.000000	84.490000,16.740000,0.000000	88.030000,3.720000,0.000000	82.360000,-5.820000,0.000000
3.64846	-32.310000,-81.190000,0.000000	86.110000,-31.230000,0.000000	84.530000,14.790000,0.000000	88.030000,3.720000,0.000000	82.360000,-5.820000,0.000000
3.69939	-31.210000,-81.050000,0.000000	86.420000,-28.950000,0.000000	85.010000,12.420000,0.000000	88.030000,3.720000,0.000000	82.360000,-5.820000,0.000000
3.76559	-29.390000,-80.990000,0.000000	86.810000,-27.080000,0.000000	85.560000,10.360000,0.000000	88.030000,3.720000,0.000000	82.360000,-5.820000,0.000000
3.81577	-28.460000,-80.750000,0.000000	87.160000,-25.550000,0.000000	86.250000,8.450000,0.000000	88.030000,3.720000,0.000000	82.360000,-5.820000,0.000000
3.82805	-27.130000,-80.700000,0.000000	87.580000,-24.220000,0.000000	86.170000,6.570000,0.000000	88.030000,3.720000,0.000000	82.360000,-5.820000,0.000000
3.88243	-25.380000,-80.610000,0.000000	87.890000,-23.040000,0.000000	86.170000,5.810000,0.000000	88.030000,3.720000,0.000000	82.360000,-5.820000,0.000000
3.94704	-24.410000,-80.750000,0.000000	88.290000,-22.270000,0.000000	85.900000,5.480000,0.000000	88.030000,3.720000,0.000000	82.360000,-5.820000,0.000000
3.99933	-21.370000,-80.670000,0.000000	88.520000,-21.750000,0.000000	85.420000,5.630000,0.000000	88.030000,3.720000,0.000000	82.360000,-5.820000,0.000000
4.00808	-19.440000,-80.890000,0.000000	88.990000,-21.690000,0.000000	84.680000,6.740000,0.000000	88.030000,3.720000,0.000000	82.360000,-5.820000,0.000000
4.06599	-19.510000,-80.920000,0.000000	89.360000,-21.920000,0.000000	84.030000,7.810000,0.000000	88.030000,3.720000,0.000000	82.360000,-5.820000,0.000000
4.12263	-17.150000,-81.140000,0.000000	89.820000,-22.300000,0.000000	83.430000,9.470000,0.000000	88.030000,3.720000,0.000000	82.360000,-5.820000,0.000000
4.18219	-17.050000,-81.210000,0.000000	89.910000,-23.280000,0.000000	83.020000,11.100000,0.000000	88.030000,3.720000,0.000000	82.360000,-5.820000,0.000000
4.18894	-18.120000,-81.560000,0.000000	90.400000,-24.840000,0.000000	82.680000,12.610000,0.000000	88.030000,3.720000,0.000000	82.360000,-5.820000,0.000000
4.24107	-20.420000,-81.720000,0.000000	90.080000,-26.550000,0.000000	82.510000,14.130000,0.000000	88.030000,3.720000,0.000000	82.360000,-5.820000,0.000000
4.29894	-22.460000,-81.860000,0.000000	90.070000,-28.480000,0.000000	82.400000,16.060000,0.000000	88.030000,3.720000,0.000000	82.360000,-5.820000,0.000000
4.36461	-22.400000,-82.260000,0.000000	90.070000,-30.360000,0.000000	82.890000,17.820000,0.000000	88.030000,3.720000,0.000000	82.360000,-5.820000,0.000000
4.36883	-24.270000,-82.400000,0.000000	89.070000,-32.610000,0.000000	82.930000,19.660000,0.000000	88.030000,3.720000,0.000000	82.360000,-5.820000,0.000000
4.41490	-21.540000,-82.640000,0.000000	87.910000,-34.770000,0.000000	83.010000,21.300000,0.000000	88.030000,3.720000,0.000000	82.360000,-5.820000,0.000000
4.48142	-25.620000,-82.260000,0.000000	86.930000,-37.030000,0.000000	83.200000,23.110000,0.000000	88.030000,3.720000,0.000000	82.360000,-5.820000,0.000000
4.54785	-27.980000,-82.330000,0.000000	86.250000,-39.420000,0.000000	84.070000,25.740000,0.000000	88.030000,3.720000,0.000000	82.360000,-5.820000,0.000000
4.54960	-30.500000,-82.450000,0.000000	85.580000,-41.430000,0.000000	84.090000,28.070000,0.000000	88.030000,3.720000,0.000000	82.360000,-5.820000,0.000000
4.60087	-33.940000,-82.600000,0.000000	84.720000,-43.330000,0.000000	83.650000,29.870000,0.000000	88.030000,3.720000,0.000000	82.360000,-5.820000,0.000000
4.66697	-34.300000,-82.830000,0.000000	84.190000,-44.650000,0.000000	83.690000,31.150000,0.000000	88.030000,3.720000,0.000000	82.360000,-5.820000,0.000000
4.71602	-39.840000,-82.930000,0.000000	84.490000,-45.950000,0.000000	83.770000,32.580000,0.000000	88.030000,3.720000,0.000000	82.360000,-5.820000,0.000000
4.72868	-39.290000,-82.640000,0.000000	83.830000,-46.780000,0.000000	83.810000,33.120000,0.000000	88.030000,3.720000,0.000000	82.360000,-5.820000,0.000000
4.78337	-41.510000,-82.810000,0.000000	84.120000,-47.660000,0.000000	83.430000,33.550000,0.000000	88.030000,3.720000,0.000000	82.360000,-5.820000,0.000000
4.84721	-41.230000,-82.670000,0.000000	83.900000,-47.700000,0.000000	83.370000,34.630000,0.000000	88.030000,3.720000,0.000000	82.360000,-5.820000,0.000000
4.90023	-46.420000,-83.100000,0.000000	84.380000,-47.340000,0.000000	83.090000,34.450000,0.000000	88.030000,3.720000,0.000000	82.360000,-5.820000,0.000000
4.96683	-43.270000,-82.690000,0.000000	84.800000,-46.530000,0.000000	81.910000,34.860000,0.000000	88.030000,3.720000,0.000000	82.360000,-5.820000,0.000000
4.96831	-48.510000,-82.580000,0.000000	85.350000,-46.020000,0.000000	81.710000,35.030000,0.000000	88.030000,3.720000,0.000000	82.360000,-5.820000,0.000000
5.01664	-45.030000,-82.330000,0.000000	85.350000,-44.570000,0.000000	81.110000,34.770000,0.000000	88.030000,3.720000,0.000000	82.360000,-5.820000,0.000000
5.08300	-40.930000,-82.450000,0.000000	85.940000,-43.130000,0.000000	81.080000,34.320000,0.000000	88.030000,3.720000,0.000000	82.360000,-5.820000,0.000000
5.08837	-37.750000,-82.250000,0.000000	86.030000,-41.810000,0.000000	81.020000,32.920000,0.000000	88.030000,3.720000,0.000000	82.360000,-5.820000,0.000000
5.13367	-34.090000,-81.980000,0.000000	86.270000,-40.080000,0.000000	80.480000,32.130000,0.000000	88.030000,3.720000,0.000000	82.360000,-5.820000,0.000000
5.20061	-35.910000,-81.580000,0.000000	86.630000,-38.660000,0.000000	80.720000,30.010000,0.000000	88.030000,3.720000,0.000000	82.360000,-5.820000,0.000000
5.26566	-34.090000,-81.590000,0.000000	86.690000,-36.900000,0.000000	80.590000,28.540000,0.000000	88.030000,3.720000,0.000000	82.360000,-5.820000,0.000000
5.26818	-35.670000,-81.480000,0.000000	86.970000,-35.430000,0.000000	81.280000,27.190000,0.000000	88.030000,3.720000,0.000000	82.360000,-5.820000,0.000000
5.32669	-33.350000,-81.500000,0.000000	87.140000,-33.630000,0.000000	81.100000,25.300000,0.000000	88.030000,3.720000,0.000000	82.360000,-5.820000,0.000000
5.38479	-33.790000,-81.530000,0.000000	87.230000,-31.920000,0.000000	81.250000,24.100000,0.000000	88.030000,3.720000,0.000000	82.360000,-5.820000,0.000000
5.44646	-32.840000,-81.560000,0.000000	87.660000,-30.090000,0.000000	81.540000,22.690000,0.000000	88.030000,3.720000,0.000000	82.360000,-5.820000,0.000000
5.44926	-31.190000,-81.550000,0.000000	87.820000,-28.280000,0.000000	81.610000,21.200000,0.000000	88.030000,3.720000,0.000000	82.360000,-5.820000,0.000000
5.49889	-31.090000,-81.480000,0.000000	87.920000,-26.490000,0.000000	81.930000,19.860000,0.000000	88.030000,3.720000,0.000000	82.360000,-5.820000,0.000000
5.56479	-27.960000,-81.560000,0.000000	87.930000,-24.710000,0.000000	82.060000,18.350000,0.000000	88.030000,3.720000,0.000000	82.360000,-5.820000,0.000000
5.61670	-27.990000,-81.470000,0.000000	88.030000,-23.230000,0.000000	82.230000,16.800000,0.000000	88.030000,3.720000,0.000000	82.360000,-5.820000,0.000000
5.62813	-27.310000,-81.350000,0.000000	87.960000,-21.700000,0.000000	82.390000,15.400000,0.000000	88.030000,3.720000,0.000000	82.360000,-5.820000,0.000000
5.68150	-26.020000,-81.340000,0.000000	87.990000,-20.100000,0.000000	82.600000,14.080000,0.000000	88.030000,3.720000,0.000000	82.360000,-5.820000,0.000000
5.77400	-26.190000,-81.390000,0.000000	88.060000,-18.450000,0.000000	82.570000,12.480000,0.000000	88.030000,3.720000,0.000000	82.360000,-5.820000,0.000000
5.80585	-26.330000,-81.480000,0.000000	88.250000,-17.040000,0.000000	82.610000,11.440000,0.000000	88.030000,3.720000,0.000000	82.360000,-5.820000,0.000000
5.80831	-26.480000,-81.550000,0.000000	88.500000,-15.520000,0.000000	82.800000,10.370000,0.000000	88.030000,3.720000,0.000000	82.360000,-5.820000,0.000000
5.86524	-25.840000,-81.520000,0.000000	88.580000,-13.980000,0.000000	83.190000,9.310000,0.000000	88.030000,3.720000,0.000000	82.360000,-5.820000,0.000000
5.91710	-25.120000,-81.480000,0.000000	88.440000,-12.600000,0.000000	83.560000,8.320000,0.000000	88.030000,3.720000,0.000000	82.360000,-5.820000,0.000000
5.98655	-24.040000,-81.400000,0.000000	88.610000,-11.370000,0.000000	83.500000,7.130000,0.000000	88.030000,3.720000,0.000000	82.360000,-5.820000,0.000000
5.98830	-22.900000,-81.450000,0.000000	88.690000,-10.090000,0.000000	83.500000,5.900000,0.000000	88.030000,3.720000,0.000000	82.360000,-5.820000,0.000000
6.04727	-22.540000,-81.340000,0.000000	88.960000,-8.800000,0.000000	83.590000,5.240000,0.000000	88.030000,3.720000,0.000000	82.360000,-5.820000,0.000000
6.09864	-22.130000,-81.420000,0.000000	89.270000,-7.630000,0.000000	83.510000,5.010000,0.000000	88.030000,3.720000,0.000000	82.360000,-5.820000,0.000000
6.16688	-22.770000,-81.520000,0.000000	89.490000,-6.760000,0.000000	83.510000,4.830000,0.000000	88.030000,3.720000,0.000000	82.360000,-5.820000,0.000000
6.16878	-20.860000,-81.550000,0.000000	89.650000,-5.610000,0.000000	83.400000,4.350000,0.000000	88.030000,3.720000,0.000000	82.360000,-5.820000,0.000000
6.21727	-19.100000,-81.390000,0.000000	89.670000,-4.260000,0.000000	83.360000,3.930000,0.000000	88.030000,3.720000,0.000000	82.360000,-5.820000,0.000000
6.28251	-17.120000,-81.160000,0.000000	89.750000,-2.880000,0.000000	83.090000,3.950000,0.000000	88.030000,3.720000,0.000000	82.360000,-5.820000,0.000000
6.34517	-15.630000,-80.780000,0.000000	89.730000,-1.530000,0.000000	82.900000,3.610000,0.000000	88.030000,3.720000,0.000000	82.360000,-5.820000,0.000000
6.34843	-12.400000,-80.270000,0.000000	89.460000,-0.080000,0.000000	82.680000,3.090000,0.000000	88.030000,3.720000,0.000000	82.360000,-5.820000,0.000000
6.39934	-9.890000,-80.000000,0.000000	89.250000,1.080000,0.000000	82.600000,2.860000,0.000000	88.030000,3.720000,0.000000	82.360000,-5.820000,0.000000
6.46678	-8.170000,-79.920000,0.000000	89.100000,2.160000,0.000000	82.540000,2.740000,0.000000	88.030000,3.720000,0.000000	82.360000,-5.820000,0.000000
6.51760	-7.500000,-79.870000,0.000000	89.090000,3.120000,0.000000	82.320000,3.110000,0.000000	88.030000,3.720000,0.000000	82.360000,-5.820000,0.000000
6.58142	-10.650000,-79.820000,0.000000	89.050000,3.660000,0.000000	82.090000,3.320000,0.000000	88.030000,3.720000,0.000000	82.360000,-5.820000,0.000000
6.58828	-13.570000,-79.640000,0.000000	89.070000,3.820000,0.000000	82.300000,3.040000,0.000000	88.030000,3.720000,0.000000	82.360000,-5.820000,0.000000
6.64658	-16.470000,-79.270000,0.000000	89.180000,3.660000,0.000000	82.330000,2.670000,0.000000	88.030000,3.720000,0.000000	82.360000,-5.820000,0.000000
6.69840	-19.120000,-78.920000,0.000000	88.990000,3.650000,0.000000	82.110000,2.090000,0.000000	88.030000,3.720000,0.000000	82.360000,-5.820000,0.000000
6.70831	-20.600000,-78.820000,0.000000	88.870000,3.670000,0.000000	81.890000,1.750000,0.000000	88.030000,3.720000,0.000000	82.360000,-5.820000,0.000000
6.76580	-22.270000,-78.810000,0.000000	88.930000,3.860000,0.000000	81.650000,1.770000,0.000000	88.030000,3.720000,0.000000	82.360000,-5.820000,0.000000
6.81847	-22.940000,-78.850000,0.000000	88.780000,3.690000,0.000000	81.350000,1.820000,0.000000	88.030000,3.720000,0.000000	82.360000,-5.820000,0.000000
6.88256	-25.280000,-78.940000,0.000000	88.640000,3.780000,0.000000	81.270000,2.630000,0.000000	88.030000,3.720000,0.000000	82.360000,-5.820000,0.000000
6.88804	-26.590000,-79.370000,0.000000	88.370000,4.000000,0.000000	80.630000,4.610000,0.000000	88.030000,3.720000,0.000000	82.360000,-5.820000,0.000000
6.94648	-27.510000,-79.800000,0.000000	87.860000,4.830000,0.000000	79.650000,7.100000,0.000000	88.030000,3.720000,0.000000	82.360000,-5.820000,0.000000
7.06403	-26.430000,-79.460000,0.000000	87.770000,5.830000,0.000000	78.500000,9.530000,0.000000	88.030000,3.720000,0.000000	82.360000,-5.820000,0.000000
7.06812	-23.750000,-78.680000,0.000000	87.520000,6.190000,0.000000	77.970000,10.130000,0.000000	88.030000,3.720000,0.000000	82.360000,-5.820000,0.000000
7.07002	-21.870000,-77.570000,0.000000	87.220000,6.210000,0.000000	77.690000,11.550000,0.000000	88.030000,3.720000,0.000000	82.360000,-5.820000,0.000000
7.12000	-20.150000,-77.000000,0.000000	87.180000,6.030000,0.000000	77.000000,13.750000,0.000000	88.030000,3.720000,0.000000	82.360000,-5.820000,0.000000
7.18320	-19.230000,-76.160000,0.000000	87.140000,5.580000,0.000000	74.730000,15.880000,0.000000	88.030000,3.720000,0.000000	82.360000,-5.820000,0.000000
7.24745	-18.740000,-75.580000,0.000000	86.860000,4.970000,0.000000	72.070000,20.030000,0.000000	88.030000,3.720000,0.000000	82.360000,-5.820000,0.000000
7.24983	-19.270000,-74.990000,0.000000	86.850000,4.960000,0.000000	64.130000,25.050000,0.000000	88.030000,3.720000,0.000000	82.360000,-5.820000,0.000000
7.29944	-18.940000,-74.450000,0.000000	87.050000,5.230000,0.000000	52.160000,28.420000,0.000000	88.030000,3.720000,0.000000	82.360000,-5.820000,0.000000
7.36660	-18.690000,-73.730000,0.000000	87.100000,5.540000,0.000000	41.290000,31.500000,0.000000	88.030000,3.720000,0.000000	82.360000,-5.820000,0.000000
7.41947	-16.610000,-73.010000,0.000000	86.940000,5.850000,0.000000	29.400000,34.450000,0.000000	88.030000,3.720000,0.000000	82.360000,-5.820000,0.000000
7.42804	-15.160000,-72.190000,0.000000	87.410000,5.850000,0.000000	19.190000,38.090000,0.000000	88.030000,3.720000,0.000000	82.360000,-5.820000,0.000000
7.48222	-14.180000,-71.260000,0.000000	87.630000,5.690000,0.000000	11.360000,41.840000,0.000000	88.030000,3.720000,0.000000	82.360000,-5.820000,0.000000
7.54408	-13.050000,-70.610000,0.000000	87.580000,5.580000,0.000000	7.190000,45.330000,0.000000	88.030000,3.720000,0.000000	82.360000,-5.820000,0.000000
7.60668	-11.140000,-70.150000,0.000000	87.370000,5.530000,0.000000	5.470000,47.880000,0.000000	88.030000,3.720000,0.000000	82.360000,-5.820000,0.000000
7.60952	-10.210000,-69.650000,0.000000	87.370000,5.580000,0.000000	6.350000,49.580000,0.000000	88.030000,3.720000,0.000000	82.360000,-5.820000,0.000000
7.66446	-9.620000,-69.200000,0.000000	87.530000,6.050000,0.000000	8.910000,51.750000,0.000000	88.030000,3.720000,0.000000	82.360000,-5.820000,0.000000
7.72437	-7.900000,-69.050000,0.000000	87.450000,6.100000,0.000000	12.560000,52.290000,0.000000	88.030000,3.720000,0.000000	82.360000,-5.820000,0.000000
7.78067	-8.050000,-68.920000,0.000000	88.040000,5.690000,0.000000	16.210000,52.480000,0.000000	88.030000,3.720000,0.000000	82.360000,-5.820000,0.000000
7.78833	-6.700000,-68.690000,0.000000	89.030000,4.600000,0.000000	20.150000,51.550000,0.000000	88.030000,3.720000,0.000000	82.360000,-5.820000,0.000000
7.83967	-8.680000,-68.180000,0.000000	90.430000,3.360000,0.000000	24.000000,50.690000,0.000000	88.030000,3.720000,0.000000	82.360000,-5.820000,0.000000
7.89902	-7.740000,-68.260000,0.000000	90.500000,4.170000,0.000000	26.630000,50.900000,0.000000	88.030000,3.720000,0.000000	82.360000,-5.820000,0.000000
7.96882	-2.870000,-67.600000,0.000000	90.250000,5.550000,0.000000	27.840000,51.520000,0.000000	88.030000,3.720000,0.000000	82.360000,-5.820000,0.000000
7.97140	-0.410000,-67.950000,0.000000	89.560000,6.060000,0.000000	28.710000,51.690000,0.000000	88.030000,3.720000,0.000000	82.360000,-5.820000,0.000000
8.02662	1.350000,-67.940000,0.000000	89.370000,6.120000,0.000000	31.260000,51.610000,0.000000	88.030000,3.720000,0.000000	82.360000,-5.820000,0.000000
8.08375	1.130000,-68.090000,0.000000	89.890000,6.130000,0.000000	33.680000,51.050000,0.000000	88.030000,3.720000,0.000000	82.360000,-5.820000,0.000000
8.13369	1.740000,-68.360000,0.000000	90.230000,5.790000,0.000000	35.740000,50.780000,0.000000	88.030000,3.720000,0.000000	82.360000,-5.820000,0.000000
8.14977	2.050000,-68.600000,0.000000	90.870000,5.450000,0.000000	38.580000,50.130000,0.000000	88.030000,3.720000,0.000000	82.360000,-5.820000,0.000000
8.19906	1.650000,-68.590000,0.000000	91.440000,5.210000,0.000000	41.250000,49.560000,0.000000	88.030000,3.720000,0.000000	82.360000,-5.820000,0.000000
8.26783	3.200000,-68.270000,0.000000	91.540000,5.380000,0.000000	42.870000,49.300000,0.000000	88.030000,3.720000,0.000000	82.360000,-5.820000,0.000000
8.38649	4.970000,-67.560000,0.000000	91.460000,5.820000,0.000000	44.340000,49.300000,0.000000	88.030000,3.720000,0.000000	82.360000,-5.820000,0.000000
8.38835	6.660000,-67.340000,0.000000	91.420000,6.130000,0.000000	45.450000,49.920000,0.000000	88.030000,3.720000,0.000000	82.360000,-5.820000,0.000000
8.39028	7.090000,-66.960000,0.000000	91.240000,6.340000,0.000000	46.830000,49.900000,0.000000	88.030000,3.720000,0.000000	82.360000,-5.820000,0.000000
8.44414	9.670000,-67.050000,0.000000	90.930000,6.130000,0.000000	48.200000,49.810000,0.000000	88.030000,3.720000,0.000000	82.360000,-5.820000,0.000000
8.49992	7.990000,-67.640000,0.000000	90.620000,5.180000,0.000000	49.290000,50.060000,0.000000	88.030000,3.720000,0.000000	82.360000,-5.820000,0.000000
8.50909	6.080000,-68.540000,0.000000	90.520000,4.030000,0.000000	50.600000,49.620000,0.000000	88.030000,3.720000,0.000000	82.360000,-5.820000,0.000000
8.56717	4.140000,-69.320000,0.000000	90.310000,3.230000,0.000000	52.500000,49.280000,0.000000	88.030000,3.720000,0.000000	82.360000,-5.820000,0.000000
8.62649	4.510000,-70.060000,0.000000	90.200000,2.020000,0.000000	54.240000,49.130000,0.000000	88.030000,3.720000,0.000000	82.360000,-5.820000,0.000000
8.68251	2.590000,-70.380000,0.000000	90.070000,0.990000,0.000000	55.570000,49.380000,0.000000	88.030000,3.720000,0.000000	82.360000,-5.820000,0.000000
8.68806	2.830000,-70.940000,0.000000	89.970000,-0.010000,0.000000	56.550000,49.500000,0.000000	88.030000,3.720000,0.000000	82.360000,-5.820000,0.000000
8.74181	1.750000,-71.540000,0.000000	89.810000,-1.050000,0.000000	57.320000,50.550000,0.000000	88.030000,3.720000,0.000000	82.360000,-5.820000,0.000000
8.80114	0.880000,-71.770000,0.000000	89.520000,-1.870000,0.000000	57.890000,51.930000,0.000000	88.030000,3.720000,0.000000	82.360000,-5.820000,0.000000
8.86654	1.000000,-71.640000,0.000000	89.210000,-2.240000,0.000000	57.720000,53.710000,0.000000	88.030000,3.720000,0.000000	82.360000,-5.820000,0.000000
8.86861	-0.200000,-71.670000,0.000000	88.580000,-2.730000,0.000000	55.540000,55.680000,0.000000	88.030000,3.720000,0.000000	82.360000,-5.820000,0.000000
8.92184	-1.030000,-71.680000,0.000000	88.140000,-3.330000,0.000000	52.640000,57.950000,0.000000	88.030000,3.720000,0.000000	82.360000,-5.820000,0.000000
8.98402	-1.470000,-71.710000,0.000000	87.500000,-3.950000,0.000000	48.440000,59.810000,0.000000	88.030000,3.720000,0.000000	82.360000,-5.820000,0.000000
9.04913	-1.670000,-71.910000,0.000000	87.070000,-4.750000,0.000000	42.250000,61.820000,0.000000	88.030000,3.720000,0.000000	82.360000,-5.820000,0.000000
9.05103	-2.560000,-72.150000,0.000000	86.620000,-5.480000,0.000000	36.380000,63.270000,0.000000	88.030000,3.720000,0.000000	82.360000,-5.820000,0.000000
9.10486	-2.680000,-72.280000,0.000000	86.210000,-6.210000,0.000000	29.920000,64.620000,0.000000	88.030000,3.720000,0.000000	82.360000,-5.820000,0.000000
9.16621	-3.970000,-72.400000,0.000000	85.860000,-6.890000,0.000000	27.030000,66.240000,0.000000	88.030000,3.720000,0.000000	82.360000,-5.820000,0.000000
9.28752	-4.550000,-72.360000,0.000000	85.830000,-7.810000,0.000000	27.490000,67.550000,0.000000	88.030000,3.720000,0.000000	82.360000,-5.820000,0.000000
9.28965	-4.530000,-72.500000,0.000000	85.760000,-8.520000,0.000000	28.540000,67.750000,0.000000	88.030000,3.720000,0.000000	82.360000,-5.820000,0.000000
9.29106	-4.610000,-72.650000,0.000000	85.390000,-9.150000,0.000000	30.230000,67.680000,0.000000	88.030000,3.720000,0.000000	82.360000,-5.820000,0.000000
9.33452	-4.830000,-72.710000,0.000000	85.460000,-9.630000,0.000000	32.480000,67.080000,0.000000	88.030000,3.720000,0.000000	82.360000,-5.820000,0.000000
9.40691	-5.000000,-72.820000,0.000000	85.620000,-10.370000,0.000000	34.810000,65.900000,0.000000	88.030000,3.720000,0.000000	82.360000,-5.820000,0.000000
9.40839	-5.760000,-73.050000,0.000000	85.640000,-10.930000,0.000000	37.300000,65.430000,0.000000	88.030000,3.720000,0.000000	82.360000,-5.820000,0.000000
9.52233	-5.930000,-73.260000,0.000000	85.920000,-11.290000,0.000000	39.900000,63.000000,0.000000	88.030000,3.720000,0.000000	82.360000,-5.820000,0.000000
9.52837	-6.080000,-73.590000,0.000000	85.670000,-11.580000,0.000000	42.640000,61.340000,0.000000	88.030000,3.720000,0.000000	82.360000,-5.820000,0.000000
9.58730	-6.160000,-73.950000,0.000000	85.730000,-11.740000,0.000000	43.840000,58.140000,0.000000	88.030000,3.720000,0.000000	82.360000,-5.820000,0.000000
9.58894	-6.640000,-74.380000,0.000000	85.470000,-11.810000,0.000000	46.250000,55.680000,0.000000	88.030000,3.720000,0.000000	82.360000,-5.820000,0.000000
9.64989	-8.510000,-74.580000,0.000000	85.780000,-12.150000,0.000000	48.620000,52.830000,0.000000	88.030000,3.720000,0.000000	82.360000,-5.820000,0.000000
9.70664	-9.010000,-74.870000,0.000000	85.700000,-11.670000,0.000000	51.980000,50.120000,0.000000	88.030000,3.720000,0.000000	82.360000,-5.820000,0.000000
9.76783	-9.200000,-75.050000,0.000000	85.680000,-11.580000,0.000000	54.520000,45.290000,0.000000	88.030000,3.720000,0.000000	82.360000,-5.820000,0.000000
9.77013	-8.430000,-75.230000,0.000000	85.930000,-11.200000,0.000000	57.650000,41.560000,0.000000	88.030000,3.720000,0.000000	82.360000,-5.820000,0.000000
9.82248	-9.600000,-75.300000,0.000000	86.310000,-11.610000,0.000000	60.570000,37.020000,0.000000	88.030000,3.720000,0.000000	82.360000,-5.820000,0.000000
9.88275	-10.290000,-75.680000,0.000000	87.100000,-11.220000,0.000000	61.680000,31.880000,0.000000	88.030000,3.720000,0.000000	82.360000,-5.820000,0.000000
9.94716	-12.280000,-75.620000,0.000000	87.680000,-12.120000,0.000000	64.590000,26.970000,0.000000	88.030000,3.720000,0.000000	82.360000,-5.820000,0.000000
9.94916	-13.400000,-75.530000,0.000000	88.200000,-12.290000,0.000000	67.780000,22.610000,0.000000	88.030000,3.720000,0.000000	82.360000,-5.820000,0.000000
10.00017	-13.980000,-75.770000,0.000000	88.260000,-13.150000,0.000000	69.900000,17.250000,0.000000	88.030000,3.720000,0.000000	82.360000,-5.820000,0.000000
10.06720	-14.290000,-75.870000,0.000000	88.610000,-14.010000,0.000000	72.340000,13.970000,0.000000	88.030000,3.720000,0.000000	82.360000,-5.820000,0.000000
10.12784	-15.380000,-76.100000,0.000000	89.260000,-14.850000,0.000000	74.420000,11.150000,0.000000	88.030000,3.720000,0.000000	82.360000,-5.820000,0.000000
10.13152	-13.530000,-76.670000,0.000000	89.330000,-15.900000,0.000000	75.870000,9.230000,0.000000	88.030000,3.720000,0.000000	82.360000,-5.820000,0.000000
10.18156	-13.260000,-77.330000,0.000000	89.530000,-17.050000,0.000000	76.850000,8.240000,0.000000	88.030000,3.720000,0.000000	82.360000,-5.820000,0.000000
10.24742	-13.850000,-77.700000,0.000000	89.490000,-18.240000,0.000000	77.810000,8.120000,0.000000	88.030000,3.720000,0.000000	82.360000,-5.820000,0.000000
10.29971	-13.750000,-77.870000,0.000000	89.670000,-19.510000,0.000000	79.050000,8.230000,0.000000	88.030000,3.720000,0.000000	82.360000,-5.820000,0.000000
10.30872	-14.640000,-78.220000,0.000000	89.760000,-21.540000,0.000000	80.370000,8.850000,0.000000	88.030000,3.720000,0.000000	82.360000,-5.820000,0.000000
10.36605	-14.520000,-78.630000,0.000000	89.770000,-23.570000,0.000000	81.180000,9.570000,0.000000	88.030000,3.720000,0.000000	82.360000,-5.820000,0.000000
10.42325	-13.910000,-79.190000,0.000000	90.030000,-25.920000,0.000000	82.540000,10.680000,0.000000	88.030000,3.720000,0.000000	82.360000,-5.820000,0.000000
10.48311	-12.740000,-79.580000,0.000000	89.910000,-28.330000,0.000000	83.770000,11.430000,0.000000	88.030000,3.720000,0.000000	82.360000,-5.820000,0.000000
10.48857	-14.650000,-79.620000,0.000000	89.560000,-31.280000,0.000000	84.720000,11.980000,0.000000	88.030000,3.720000,0.000000	82.360000,-5.820000,0.000000
10.54804	-16.410000,-79.910000,0.000000	88.840000,-34.110000,0.000000	85.750000,12.950000,0.000000	88.030000,3.720000,0.000000	82.360000,-5.820000,0.000000
10.59970	-16.430000,-80.680000,0.000000	88.140000,-36.740000,0.000000	87.040000,13.800000,0.000000	88.030000,3.720000,0.000000	82.360000,-5.820000,0.000000
10.66655	-26.350000,-81.380000,0.000000	87.050000,-39.770000,0.000000	88.050000,14.570000,0.000000	88.030000,3.720000,0.000000	82.360000,-5.820000,0.000000
10.66963	-29.330000,-81.850000,0.000000	85.760000,-42.820000,0.000000	88.710000,15.460000,0.000000	88.030000,3.720000,0.000000	82.360000,-5.820000,0.000000
10.72315	-33.680000,-82.160000,0.000000	84.250000,-45.660000,0.000000	89.240000,16.710000,0.000000	88.030000,3.720000,0.000000	82.360000,-5.820000,0.000000
10.78315	-36.820000,-82.520000,0.000000	83.400000,-48.200000,0.000000	89.860000,17.700000,0.000000	88.030000,3.720000,0.000000	82.360000,-5.820000,0.000000
10.83334	-40.070000,-82.880000,0.000000	82.300000,-50.440000,0.000000	89.760000,18.470000,0.000000	88.030000,3.720000,0.000000	82.360000,-5.820000,0.000000
10.85048	-42.940000,-83.170000,0.000000	81.520000,-52.250000,0.000000	90.030000,19.420000,0.000000	88.030000,3.720000,0.000000	82.360000,-5.820000,0.000000
10.89950	-45.510000,-83.270000,0.000000	81.350000,-53.830000,0.000000	90.210000,20.600000,0.000000	88.030000,3.720000,0.000000	82.360000,-5.820000,0.000000
10.96690	-45.880000,-83.430000,0.000000	80.800000,-54.710000,0.000000	90.120000,21.110000,0.000000	88.030000,3.720000,0.000000	82.360000,-5.820000,0.000000
11.02332	-49.220000,-83.540000,0.000000	80.570000,-55.500000,0.000000	90.050000,22.060000,0.000000	88.030000,3.720000,0.000000	82.360000,-5.820000,0.000000
11.02894	-49.180000,-83.320000,0.000000	80.480000,-55.570000,0.000000	89.850000,23.200000,0.000000	88.030000,3.720000,0.000000	82.360000,-5.820000,0.000000
11.08113	-52.540000,-83.540000,0.000000	81.370000,-55.580000,0.000000	90.100000,23.400000,0.000000	88.030000,3.720000,0.000000	82.360000,-5.820000,0.000000
11.20450	-50.740000,-83.270000,0.000000	81.870000,-54.920000,0.000000	89.660000,24.210000,0.000000	88.030000,3.720000,0.000000	82.360000,-5.820000,0.000000
11.21146	-53.740000,-83.320000,0.000000	82.560000,-54.260000,0.000000	90.450000,23.690000,0.000000	88.030000,3.720000,0.000000	82.360000,-5.820000,0.000000
11.26560	-51.560000,-82.880000,0.000000	82.680000,-52.910000,0.000000	90.040000,23.660000,0.000000	88.030000,3.720000,0.000000	82.360000,-5.820000,0.000000
11.26826	-52.520000,-82.970000,0.000000	83.630000,-51.830000,0.000000	90.330000,24.310000,0.000000	88.030000,3.720000,0.000000	82.360000,-5.820000,0.000000
11.32542	-51.760000,-82.720000,0.000000	83.980000,-49.670000,0.000000	90.470000,22.680000,0.000000	88.030000,3.720000,0.000000	82.360000,-5.820000,0.000000
11.38201	-48.500000,-82.660000,0.000000	84.460000,-47.870000,0.000000	89.740000,21.620000,0.000000	88.030000,3.720000,0.000000	82.360000,-5.820000,0.000000
11.38959	-48.900000,-82.480000,0.000000	84.860000,-45.840000,0.000000	89.990000,20.600000,0.000000	88.030000,3.720000,0.000000	82.360000,-5.820000,0.000000
11.50476	-45.410000,-82.570000,0.000000	85.000000,-43.300000,0.000000	89.520000,18.650000,0.000000	88.030000,3.720000,0.000000	82.360000,-5.820000,0.000000
11.50826	-44.410000,-82.530000,0.000000	85.330000,-41.110000,0.000000	89.890000,17.140000,0.000000	88.030000,3.720000,0.000000	82.360000,-5.820000,0.000000
11.56474	-40.120000,-82.350000,0.000000	85.700000,-38.250000,0.000000	89.590000,15.540000,0.000000	88.030000,3.720000,0.000000	82.360000,-5.820000,0.000000
11.56891	-36.720000,-82.440000,0.000000	86.000000,-35.460000,0.000000	90.040000,13.990000,0.000000	88.030000,3.720000,0.000000	82.360000,-5.820000,0.000000
11.62676	-35.430000,-82.030000,0.000000	86.540000,-33.420000,0.000000	90.260000,11.290000,0.000000	88.030000,3.720000,0.000000	82.360000,-5.820000,0.000000
11.68220	-32.840000,-81.690000,0.000000	86.610000,-31.690000,0.000000	89.540000,8.790000,0.000000	88.030000,3.720000,0.000000	82.360000,-5.820000,0.000000
11.73349	-33.950000,-81.640000,0.000000	86.740000,-29.860000,0.000000	89.690000,6.980000,0.000000	88.030000,3.720000,0.000000	82.360000,-5.820000,0.000000
11.75255	-31.620000,-81.670000,0.000000	87.360000,-27.180000,0.000000	90.160000,5.200000,0.000000	88.030000,3.720000,0.000000	82.360000,-5.820000,0.000000
11.80696	-30.940000,-81.600000,0.000000	87.610000,-25.120000,0.000000	90.390000,3.610000,0.000000	88.030000,3.720000,0.000000	82.360000,-5.820000,0.000000
11.86940	-29.250000,-81.390000,0.000000	87.860000,-23.300000,0.000000	90.380000,1.880000,0.000000	88.030000,3.720000,0.000000	82.360000,-5.820000,0.000000
11.92836	-26.380000,-81.200000,0.000000	88.020000,-21.730000,0.000000	90.110000,0.340000,0.000000	88.030000,3.720000,0.000000	82.360000,-5.820000,0.000000
11.93051	-25.430000,-81.220000,0.000000	88.100000,-20.490000,0.000000	90.120000,-0.510000,0.000000	88.030000,3.720000,0.000000	82.360000,-5.820000,0.000000
11.98183	-23.460000,-81.060000,0.000000	88.290000,-19.400000,0.000000	90.470000,-1.370000,0.000000	88.030000,3.720000,0.000000	82.360000,-5.820000,0.000000
12.04344	-21.840000,-80.910000,0.000000	88.640000,-18.680000,0.000000	90.340000,-1.570000,0.000000	88.030000,3.720000,0.000000	82.360000,-5.820000,0.000000
12.10602	-22.120000,-80.830000,0.000000	89.040000,-18.590000,0.000000	90.200000,-2.030000,0.000000	88.030000,3.720000,0.000000	82.360000,-5.820000,0.000000
12.10925	-21.800000,-80.970000,0.000000	89.330000,-18.620000,0.000000	89.950000,-1.490000,0.000000	88.030000,3.720000,0.000000	82.360000,-5.820000,0.000000
12.16586	-20.990000,-81.170000,0.000000	89.770000,-18.760000,0.000000	89.740000,-1.110000,0.000000	88.030000,3.720000,0.000000	82.360000,-5.820000,0.000000
12.22532	-21.050000,-81.340000,0.000000	90.120000,-19.420000,0.000000	89.600000,0.150000,0.000000	88.030000,3.720000,0.000000	82.360000,-5.820000,0.000000
12.28305	-20.170000,-81.400000,0.000000	90.310000,-20.160000,0.000000	89.560000,1.260000,0.000000	88.030000,3.720000,0.000000	82.360000,-5.820000,0.000000
12.28838	-19.330000,-81.530000,0.000000	90.450000,-21.370000,0.000000	89.340000,2.300000,0.000000	88.030000,3.720000,0.000000	82.360000,-5.820000,0.000000
12.34231	-19.420000,-81.710000,0.000000	90.450000,-22.920000,0.000000	89.080000,3.440000,0.000000	88.030000,3.720000,0.000000	82.360000,-5.820000,0.000000
12.40100	-20.280000,-81.880000,0.000000	90.070000,-24.730000,0.000000	88.840000,4.740000,0.000000	88.030000,3.720000,0.000000	82.360000,-5.820000,0.000000
12.46572	-21.100000,-81.960000,0.000000	90.010000,-26.700000,0.000000	88.580000,6.150000,0.000000	88.030000,3.720000,0.000000	82.360000,-5.820000,0.000000
12.46942	-22.750000,-82.100000,0.000000	90.060000,-28.760000,0.000000	88.490000,8.000000,0.000000	88.030000,3.720000,0.000000	82.360000,-5.820000,0.000000
12.52557	-23.350000,-82.300000,0.000000	89.670000,-30.750000,0.000000	88.250000,9.660000,0.000000	88.030000,3.720000,0.000000	82.360000,-5.820000,0.000000
12.58269	-22.920000,-82.600000,0.000000	88.970000,-32.780000,0.000000	87.940000,11.730000,0.000000	88.030000,3.720000,0.000000	82.360000,-5.820000,0.000000
12.64738	-24.240000,-82.450000,0.000000	88.300000,-34.970000,0.000000	87.830000,13.920000,0.000000	88.030000,3.720000,0.000000	82.360000,-5.820000,0.000000
12.65001	-24.440000,-82.560000,0.000000	87.940000,-37.010000,0.000000	87.720000,16.100000,0.000000	88.030000,3.720000,0.000000	82.360000,-5.820000,0.000000
12.70345	-26.780000,-82.700000,0.000000	87.230000,-38.950000,0.000000	87.860000,18.310000,0.000000	88.030000,3.720000,0.000000	82.360000,-5.820000,0.000000
12.76630	-27.580000,-82.850000,0.000000	86.990000,-40.860000,0.000000	87.920000,20.760000,0.000000	88.030000,3.720000,0.000000	82.360000,-5.820000,0.000000
12.82607	-28.170000,-83.000000,0.000000	86.590000,-42.290000,0.000000	87.860000,22.670000,0.000000	88.030000,3.720000,0.000000	82.360000,-5.820000,0.000000
12.82827	-29.700000,-83.320000,0.000000	87.180000,-43.910000,0.000000	87.420000,24.900000,0.000000	88.030000,3.720000,0.000000	82.360000,-5.820000,0.000000
12.88276	-30.430000,-83.450000,0.000000	86.360000,-44.990000,0.000000	87.110000,26.460000,0.000000	88.030000,3.720000,0.000000	82.360000,-5.820000,0.000000
12.94868	-33.270000,-83.480000,0.000000	87.030000,-46.020000,0.000000	86.610000,28.480000,0.000000	88.030000,3.720000,0.000000	82.360000,-5.820000,0.000000
13.00061	-35.040000,-83.520000,0.000000	87.260000,-46.540000,0.000000	86.080000,29.670000,0.000000	88.030000,3.720000,0.000000	82.360000,-5.820000,0.000000
13.00833	-34.430000,-83.640000,0.000000	87.880000,-46.280000,0.000000	85.710000,31.230000,0.000000	88.030000,3.720000,0.000000	82.360000,-5.820000,0.000000
13.06656	-31.100000,-83.540000,0.000000	88.010000,-45.580000,0.000000	85.580000,31.420000,0.000000	88.030000,3.720000,0.000000	82.360000,-5.820000,0.000000
13.12634	-29.700000,-83.670000,0.000000	88.260000,-44.970000,0.000000	84.830000,31.930000,0.000000	88.030000,3.720000,0.000000	82.360000,-5.820000,0.000000
13.18297	-30.540000,-83.480000,0.000000	88.640000,-43.990000,0.000000	84.430000,30.710000,0.000000	88.030000,3.720000,0.000000	82.360000,-5.820000,0.000000
13.18839	-26.690000,-83.540000,0.000000	88.780000,-42.700000,0.000000	84.190000,29.670000,0.000000	88.030000,3.720000,0.000000	82.360000,-5.820000,0.000000
13.23795	-26.730000,-83.480000,0.000000	89.160000,-41.400000,0.000000	84.420000,27.480000,0.000000	88.030000,3.720000,0.000000	82.360000,-5.820000,0.000000
13.29974	-24.010000,-83.340000,0.000000	89.180000,-40.090000,0.000000	84.050000,26.050000,0.000000	88.030000,3.720000,0.000000	82.360000,-5.820000,0.000000
13.36646	-24.940000,-83.200000,0.000000	89.420000,-38.510000,0.000000	84.110000,24.600000,0.000000	88.030000,3.720000,0.000000	82.360000,-5.820000,0.000000
13.36828	-22.340000,-83.200000,0.000000	89.380000,-36.500000,0.000000	83.750000,22.220000,0.000000	88.030000,3.720000,0.000000	82.360000,-5.820000,0.000000
13.42683	-20.220000,-83.160000,0.000000	89.220000,-34.460000,0.000000	83.200000,20.480000,0.000000	88.030000,3.720000,0.000000	82.360000,-5.820000,0.000000
13.48209	-20.020000,-82.900000,0.000000	89.420000,-32.300000,0.000000	83.620000,18.310000,0.000000	88.030000,3.720000,0.000000	82.360000,-5.820000,0.000000
13.53270	-17.920000,-82.750000,0.000000	89.210000,-29.920000,0.000000	83.370000,17.050000,0.000000	88.030000,3.720000,0.000000	82.360000,-5.820000,0.000000
13.54884	-19.030000,-82.560000,0.000000	89.220000,-27.610000,0.000000	84.660000,14.770000,0.000000	88.030000,3.720000,0.000000	82.360000,-5.820000,0.000000
13.59913	-16.990000,-82.340000,0.000000	89.450000,-25.660000,0.000000	83.550000,12.030000,0.000000	88.030000,3.720000,0.000000	82.360000,-5.820000,0.000000
13.66654	-17.930000,-82.390000,0.000000	89.290000,-23.700000,0.000000	83.430000,10.630000,0.000000	88.030000,3.720000,0.000000	82.360000,-5.820000,0.000000
13.71579	-15.620000,-82.380000,0.000000	89.330000,-21.270000,0.000000	84.040000,9.750000,0.000000	88.030000,3.720000,0.000000	82.360000,-5.820000,0.000000
13.78111	-12.710000,-82.290000,0.000000	89.710000,-18.980000,0.000000	83.670000,8.320000,0.000000	88.030000,3.720000,0.000000	82.360000,-5.820000,0.000000
13.78826	-11.890000,-82.360000,0.000000	89.670000,-17.230000,0.000000	83.830000,6.590000,0.000000	88.030000,3.720000,0.000000	82.360000,-5.820000,0.000000
13.84712	-9.860000,-82.390000,0.000000	89.770000,-15.310000,0.000000	84.060000,5.280000,0.000000	88.030000,3.720000,0.000000	82.360000,-5.820000,0.000000
13.90653	-9.550000,-82.610000,0.000000	89.990000,-13.710000,0.000000	84.030000,4.490000,0.000000	88.030000,3.720000,0.000000	82.360000,-5.820000,0.000000
13.90809	-6.000000,-82.780000,0.000000	90.050000,-11.870000,0.000000	84.030000,3.620000,0.000000	88.030000,3.720000,0.000000	82.360000,-5.820000,0.000000
13.96722	-4.810000,-82.840000,0.000000	90.000000,-10.230000,0.000000	84.000000,2.640000,0.000000	88.030000,3.720000,0.000000	82.360000,-5.820000,0.000000
14.02747	-3.950000,-82.940000,0.000000	90.000000,-8.730000,0.000000	84.100000,1.740000,0.000000	88.030000,3.720000,0.000000	82.360000,-5.820000,0.000000
14.08612	-1.540000,-83.090000,0.000000	90.000000,-7.190000,0.000000	84.010000,1.010000,0.000000	88.030000,3.720000,0.000000	82.360000,-5.820000,0.000000
14.08991	-2.290000,-83.260000,0.000000	90.170000,-6.210000,0.000000	84.100000,-0.290000,0.000000	88.030000,3.720000,0.000000	82.360000,-5.820000,0.000000
14.19986	-4.380000,-83.310000,0.000000	90.140000,-5.140000,0.000000	84.370000,-1.180000,0.000000	88.030000,3.720000,0.000000	82.360000,-5.820000,0.000000
14.20830	-4.270000,-83.380000,0.000000	90.320000,-4.250000,0.000000	84.370000,-1.840000,0.000000	88.030000,3.720000,0.000000	82.360000,-5.820000,0.000000
14.26618	-3.580000,-83.440000,0.000000	90.250000,-3.270000,0.000000	84.500000,-2.590000,0.000000	88.030000,3.720000,0.000000	82.360000,-5.820000,0.000000
14.26820	-4.040000,-83.560000,0.000000	90.280000,-2.410000,0.000000	84.480000,-3.300000,0.000000	88.030000,3.720000,0.000000	82.360000,-5.820000,0.000000
14.32619	-3.870000,-83.650000,0.000000	90.240000,-1.540000,0.000000	84.570000,-3.740000,0.000000	88.030000,3.720000,0.000000	82.360000,-5.820000,0.000000
14.38102	-3.420000,-83.790000,0.000000	90.280000,-0.670000,0.000000	84.600000,-4.260000,0.000000	88.030000,3.720000,0.000000	82.360000,-5.820000,0.000000
14.44610	-3.000000,-83.950000,0.000000	90.270000,0.020000,0.000000	84.670000,-4.720000,0.000000	88.030000,3.720000,0.000000	82.360000,-5.820000,0.000000
14.44873	-3.330000,-84.050000,0.000000	90.220000,0.750000,0.000000	84.660000,-5.080000,0.000000	88.030000,3.720000,0.000000	82.360000,-5.820000,0.000000
14.56514	-4.100000,-84.220000,0.000000	90.120000,1.310000,0.000000	84.530000,-5.450000,0.000000	88.030000,3.720000,0.000000	82.360000,-5.820000,0.000000
14.56825	-5.210000,-84.380000,0.000000	90.170000,1.810000,0.000000	84.570000,-5.760000,0.000000	88.030000,3.720000,0.000000	82.360000,-5.820000,0.000000
14.61653	-4.630000,-84.210000,0.000000	90.190000,2.330000,0.000000	84.590000,-5.880000,0.000000	88.030000,3.720000,0.000000	82.360000,-5.820000,0.000000
14.62831	-4.820000,-83.960000,0.000000	90.220000,2.930000,0.000000	84.670000,-6.070000,0.000000	88.030000,3.720000,0.000000	82.360000,-5.820000,0.000000
14.68562	-2.000000,-84.060000,0.000000	90.090000,3.840000,0.000000	84.510000,-6.010000,0.000000	88.030000,3.720000,0.000000	82.360000,-5.820000,0.000000
14.74727	2.680000,-84.250000,0.000000	90.070000,4.370000,0.000000	84.420000,-5.720000,0.000000	88.030000,3.720000,0.000000	82.360000,-5.820000,0.000000
14.79872	1.980000,-84.390000,0.000000	90.140000,4.610000,0.000000	84.460000,-5.890000,0.000000	88.030000,3.720000,0.000000	82.360000,-5.820000,0.000000
14.80806	1.180000,-84.230000,0.000000	90.220000,4.660000,0.000000	84.640000,-6.070000,0.000000	88.030000,3.720000,0.000000	82.360000,-5.820000,0.000000
14.86622	-0.670000,-84.170000,0.000000	90.260000,4.880000,0.000000	84.600000,-6.200000,0.000000	88.030000,3.720000,0.000000	82.360000,-5.820000,0.000000
14.91649	0.930000,-84.370000,0.000000	90.370000,5.340000,0.000000	84.460000,-6.220000,0.000000	88.030000,3.720000,0.000000	82.360000,-5.820000,0.000000
15.04637	1.390000,-84.520000,0.000000	90.260000,5.310000,0.000000	84.420000,-6.340000,0.000000	88.030000,3.720000,0.000000	82.360000,-5.820000,0.000000
15.04812	-0.770000,-84.410000,0.000000	90.340000,4.830000,0.000000	84.610000,-6.880000,0.000000	88.030000,3.720000,0.000000	82.360000,-5.820000,0.000000
15.05018	-2.950000,-84.310000,0.000000	90.480000,4.380000,0.000000	84.800000,-7.350000,0.000000	88.030000,3.720000,0.000000	82.360000,-5.820000,0.000000
15.10612	-3.000000,-84.140000,0.000000	90.360000,4.720000,0.000000	84.740000,-7.260000,0.000000	88.030000,3.720000,0.000000	82.360000,-5.820000,0.000000
15.16772	-0.210000,-84.000000,0.000000	90.220000,5.360000,0.000000	84.510000,-6.610000,0.000000	88.030000,3.720000,0.000000	82.360000,-5.820000,0.000000
15.16975	1.720000,-84.020000,0.000000	90.110000,5.630000,0.000000	84.380000,-6.340000,0.000000	88.030000,3.720000,0.000000	82.360000,-5.820000,0.000000
15.21643	0.460000,-83.730000,0.000000	90.110000,5.310000,0.000000	84.540000,-6.680000,0.000000	88.030000,3.720000,0.000000	82.360000,-5.820000,0.000000
15.28295	-2.980000,-83.830000,0.000000	90.250000,5.060000,0.000000	84.510000,-6.900000,0.000000	88.030000,3.720000,0.000000	82.360000,-5.820000,0.000000
15.33988	-0.860000,-83.780000,0.000000	90.190000,5.350000,0.000000	84.410000,-6.290000,0.000000	88.030000,3.720000,0.000000	82.360000,-5.820000,0.000000
15.34896	0.180000,-83.690000,0.000000	90.110000,5.460000,0.000000	84.310000,-6.280000,0.000000	88.030000,3.720000,0.000000	82.360000,-5.820000,0.000000
15.39866	-0.130000,-83.600000,0.000000	90.290000,5.350000,0.000000	84.440000,-6.330000,0.000000	88.030000,3.720000,0.000000	82.360000,-5.820000,0.000000
15.46582	-0.040000,-83.650000,0.000000	90.260000,5.220000,0.000000	84.470000,-6.510000,0.000000	88.030000,3.720000,0.000000	82.360000,-5.820000,0.000000
15.51618	-0.660000,-83.540000,0.000000	90.150000,5.060000,0.000000	84.220000,-6.440000,0.000000	88.030000,3.720000,0.000000	82.360000,-5.820000,0.000000
15.58363	-0.540000,-83.480000,0.000000	90.050000,5.110000,0.000000	84.210000,-6.110000,0.000000	88.030000,3.720000,0.000000	82.360000,-5.820000,0.000000
15.58879	-0.950000,-83.320000,0.000000	90.000000,4.760000,0.000000	84.030000,-6.100000,0.000000	88.030000,3.720000,0.000000	82.360000,-5.820000,0.000000
15.64717	-1.550000,-83.100000,0.000000	90.400000,5.110000,0.000000	83.790000,-6.110000,0.000000	88.030000,3.720000,0.000000	82.360000,-5.820000,0.000000
15.69966	0.080000,-83.030000,0.000000	90.680000,5.450000,0.000000	83.420000,-5.610000,0.000000	88.030000,3.720000,0.000000	82.360000,-5.820000,0.000000
15.70842	0.180000,-83.130000,0.000000	90.590000,5.410000,0.000000	83.610000,-5.190000,0.000000	88.030000,3.720000,0.000000	82.360000,-5.820000,0.000000
15.76456	-0.960000,-83.280000,0.000000	90.480000,5.120000,0.000000	83.810000,-5.090000,0.000000	88.030000,3.720000,0.000000	82.360000,-5.820000,0.000000
15.81620	-3.060000,-82.930000,0.000000	90.130000,5.130000,0.000000	83.820000,-5.800000,0.000000	88.030000,3.720000,0.000000	82.360000,-5.820000,0.000000
15.94610	-2.530000,-82.870000,0.000000	89.910000,5.090000,0.000000	83.680000,-5.820000,0.000000	88.030000,3.720000,0.000000	82.360000,-5.820000,0.000000
16.00185	-3.500000,-82.900000,0.000000	89.670000,4.920000,0.000000	83.530000,-5.610000,0.000000	88.030000,3.720000,0.000000	82.360000,-5.820000,0.000000
16.00840	-5.790000,-82.850000,0.000000	89.720000,4.770000,0.000000	83.390000,-5.380000,0.000000	88.030000,3.720000,0.000000	82.360000,-5.820000,0.000000
16.01031	-6.920000,-82.810000,0.000000	89.580000,4.750000,0.000000	83.310000,-5.110000,0.000000	88.030000,3.720000,0.000000	82.360000,-5.820000,0.000000
16.06523	-7.550000,-82.750000,0.000000	89.310000,4.660000,0.000000	83.160000,-4.920000,0.000000	88.030000,3.720000,0.000000	82.360000,-5.820000,0.000000
16.06862	-8.200000,-82.650000,0.000000	89.230000,4.480000,0.000000	83.140000,-4.740000,0.000000	88.030000,3.720000,0.000000	82.360000,-5.820000,0.000000
16.12628	-8.880000,-82.750000,0.000000	89.080000,4.300000,0.000000	83.130000,-4.660000,0.000000	88.030000,3.720000,0.000000	82.360000,-5.820000,0.000000
16.18633	-9.990000,-82.740000,0.000000	88.970000,4.140000,0.000000	83.000000,-4.440000,0.000000	88.030000,3.720000,0.000000	82.360000,-5.820000,0.000000
16.24647	-10.670000,-82.510000,0.000000	88.800000,3.970000,0.000000	82.940000,-4.330000,0.000000	88.030000,3.720000,0.000000	82.360000,-5.820000,0.000000
16.24873	-11.390000,-82.400000,0.000000	88.760000,3.900000,0.000000	82.930000,-4.250000,0.000000	88.030000,3.720000,0.000000	82.360000,-5.820000,0.000000
16.29869	-11.100000,-82.480000,0.000000	88.660000,3.650000,0.000000	82.790000,-4.330000,0.000000	88.030000,3.720000,0.000000	82.360000,-5.820000,0.000000
16.36558	-10.730000,-82.500000,0.000000	88.520000,3.460000,0.000000	82.750000,-4.120000,0.000000	88.030000,3.720000,0.000000	82.360000,-5.820000,0.000000
16.41619	-11.360000,-82.510000,0.000000	88.470000,3.440000,0.000000	82.780000,-3.650000,0.000000	88.030000,3.720000,0.000000	82.360000,-5.820000,0.000000
16.42832	-14.770000,-82.890000,0.000000	88.450000,3.150000,0.000000	82.770000,-3.690000,0.000000	88.030000,3.720000,0.000000	82.360000,-5.820000,0.000000
16.48244	-14.930000,-83.160000,0.000000	88.350000,2.960000,0.000000	82.900000,-3.550000,0.000000	88.030000,3.720000,0.000000	82.360000,-5.820000,0.000000
16.53832	-12.370000,-83.310000,0.000000	88.240000,2.970000,0.000000	82.670000,-3.450000,0.000000	88.030000,3.720000,0.000000	82.360000,-5.820000,0.000000
16.60474	-14.950000,-83.350000,0.000000	88.060000,2.800000,0.000000	82.550000,-3.510000,0.000000	88.030000,3.720000,0.000000	82.360000,-5.820000,0.000000
16.60829	-14.250000,-83.500000,0.000000	87.910000,2.820000,0.000000	82.630000,-3.430000,0.000000	88.030000,3.720000,0.000000	82.360000,-5.820000,0.000000
16.66569	-12.700000,-83.590000,0.000000	87.710000,2.850000,0.000000	82.380000,-2.850000,0.000000	88.030000,3.720000,0.000000	82.360000,-5.820000,0.000000
16.72670	-9.790000,-83.720000,0.000000	87.500000,2.850000,0.000000	82.160000,-2.390000,0.000000	88.030000,3.720000,0.000000	82.360000,-5.820000,0.000000
16.83751	-9.440000,-83.490000,0.000000	87.540000,2.670000,0.000000	82.130000,-2.130000,0.000000	88.030000,3.720000,0.000000	82.360000,-5.820000,0.000000
16.84862	-9.930000,-83.260000,0.000000	87.680000,2.680000,0.000000	82.560000,-2.570000,0.000000	88.030000,3.720000,0.000000	82.360000,-5.820000,0.000000
16.85056	-7.600000,-83.000000,0.000000	87.920000,2.820000,0.000000	82.590000,-2.450000,0.000000	88.030000,3.720000,0.000000	82.360000,-5.820000,0.000000
16.90257	-4.650000,-82.850000,0.000000	87.980000,3.030000,0.000000	82.440000,-2.480000,0.000000	88.030000,3.720000,0.000000	82.360000,-5.820000,0.000000
16.96692	-4.390000,-82.410000,0.000000	88.140000,2.630000,0.000000	82.420000,-2.360000,0.000000	88.030000,3.720000,0.000000	82.360000,-5.820000,0.000000
16.97097	-3.200000,-82.360000,0.000000	88.020000,2.530000,0.000000	82.740000,-2.490000,0.000000	88.030000,3.720000,0.000000	82.360000,-5.820000,0.000000
17.01643	-1.930000,-82.140000,0.000000	87.940000,2.210000,0.000000	82.590000,-1.360000,0.000000	88.030000,3.720000,0.000000	82.360000,-5.820000,0.000000
17.09809	-0.090000,-82.230000,0.000000	87.830000,1.540000,0.000000	82.320000,0.940000,0.000000	88.030000,3.720000,0.000000	82.360000,-5.820000,0.000000
17.14682	-0.020000,-82.100000,0.000000	87.820000,1.220000,0.000000	82.070000,3.490000,0.000000	88.030000,3.720000,0.000000	82.360000,-5.820000,0.000000
17.14951	0.320000,-81.750000,0.000000	87.530000,1.040000,0.000000	81.940000,5.360000,0.000000	88.030000,3.720000,0.000000	82.360000,-5.820000,0.000000
17.20314	0.380000,-81.060000,0.000000	88.090000,0.230000,0.000000	82.490000,5.190000,0.000000	88.030000,3.720000,0.000000	82.360000,-5.820000,0.000000
17.26666	-0.360000,-80.490000,0.000000	88.400000,-1.270000,0.000000	82.440000,5.040000,0.000000	88.030000,3.720000,0.000000	82.360000,-5.820000,0.000000
17.31671	-1.910000,-79.930000,0.000000	88.130000,-2.390000,0.000000	82.040000,5.370000,0.000000	88.030000,3.720000,0.000000	82.360000,-5.820000,0.000000
17.32912	-0.630000,-79.590000,0.000000	87.800000,-2.450000,0.000000	81.120000,6.240000,0.000000	88.030000,3.720000,0.000000	82.360000,-5.820000,0.000000
17.38238	1.560000,-78.990000,0.000000	87.550000,-1.810000,0.000000	80.450000,8.240000,0.000000	88.030000,3.720000,0.000000	82.360000,-5.820000,0.000000
17.43825	2.580000,-78.330000,0.000000	86.990000,-1.640000,0.000000	78.290000,12.260000,0.000000	88.030000,3.720000,0.000000	82.360000,-5.820000,0.000000
17.50733	3.160000,-77.650000,0.000000	86.730000,-1.610000,0.000000	75.300000,16.700000,0.000000	88.030000,3.720000,0.000000	82.360000,-5.820000,0.000000
17.56699	1.920000,-77.240000,0.000000	86.250000,-2.590000,0.000000	71.970000,21.190000,0.000000	88.030000,3.720000,0.000000	82.360000,-5.820000,0.000000
17.56957	1.260000,-76.680000,0.000000	86.380000,-3.460000,0.000000	70.040000,25.910000,0.000000	88.030000,3.720000,0.000000	82.360000,-5.820000,0.000000
17.62674	0.170000,-76.250000,0.000000	86.430000,-4.620000,0.000000	68.330000,31.280000,0.000000	88.030000,3.720000,0.000000	82.360000,-5.820000,0.000000
17.68331	0.150000,-76.030000,0.000000	86.620000,-5.640000,0.000000	68.850000,36.320000,0.000000	88.030000,3.720000,0.000000	82.360000,-5.820000,0.000000
17.68943	0.430000,-75.970000,0.000000	86.820000,-6.650000,0.000000	61.970000,41.050000,0.000000	88.030000,3.720000,0.000000	82.360000,-5.820000,0.000000
17.74718	-0.180000,-76.120000,0.000000	86.850000,-7.660000,0.000000	56.550000,45.570000,0.000000	88.030000,3.720000,0.000000	82.360000,-5.820000,0.000000
17.80014	-0.040000,-76.340000,0.000000	86.730000,-8.470000,0.000000	49.760000,49.590000,0.000000	88.030000,3.720000,0.000000	82.360000,-5.820000,0.000000
17.92076	-0.350000,-76.700000,0.000000	86.490000,-8.920000,0.000000	46.250000,53.340000,0.000000	88.030000,3.720000,0.000000	82.360000,-5.820000,0.000000
17.92895	0.440000,-76.670000,0.000000	86.760000,-9.690000,0.000000	45.000000,56.040000,0.000000	88.030000,3.720000,0.000000	82.360000,-5.820000,0.000000
17.93143	-0.090000,-76.680000,0.000000	86.920000,-10.830000,0.000000	45.140000,57.340000,0.000000	88.030000,3.720000,0.000000	82.360000,-5.820000,0.000000
17.98303	-0.730000,-76.560000,0.000000	86.900000,-11.620000,0.000000	46.680000,58.280000,0.000000	88.030000,3.720000,0.000000	82.360000,-5.820000,0.000000
18.04200	0.150000,-76.660000,0.000000	86.980000,-12.120000,0.000000	47.890000,58.830000,0.000000	88.030000,3.720000,0.000000	82.360000,-5.820000,0.000000
18.04882	0.040000,-76.740000,0.000000	87.460000,-12.480000,0.000000	48.830000,57.570000,0.000000	88.030000,3.720000,0.000000	82.360000,-5.820000,0.000000
18.10472	-0.110000,-76.800000,0.000000	87.320000,-12.920000,0.000000	51.130000,56.620000,0.000000	88.030000,3.720000,0.000000	82.360000,-5.820000,0.000000
18.16557	0.140000,-76.850000,0.000000	87.680000,-13.480000,0.000000	52.450000,53.980000,0.000000	88.030000,3.720000,0.000000	82.360000,-5.820000,0.000000
18.21640	-0.850000,-77.080000,0.000000	87.670000,-14.040000,0.000000	54.130000,50.850000,0.000000	88.030000,3.720000,0.000000	82.360000,-5.820000,0.000000
18.22817	-1.220000,-77.370000,0.000000	88.070000,-14.510000,0.000000	55.980000,47.990000,0.000000	88.030000,3.720000,0.000000	82.360000,-5.820000,0.000000
18.28682	-1.480000,-77.860000,0.000000	88.200000,-14.590000,0.000000	57.810000,45.030000,0.000000	88.030000,3.720000,0.000000	82.360000,-5.820000,0.000000
18.33695	-1.070000,-78.360000,0.000000	88.470000,-14.430000,0.000000	59.510000,41.950000,0.000000	88.030000,3.720000,0.000000	82.360000,-5.820000,0.000000
18.40660	-1.660000,-78.640000,0.000000	88.560000,-14.320000,0.000000	61.190000,39.540000,0.000000	88.030000,3.720000,0.000000	82.360000,-5.820000,0.000000
18.40912	-2.180000,-78.760000,0.000000	88.730000,-14.030000,0.000000	62.780000,36.830000,0.000000	88.030000,3.720000,0.000000	82.360000,-5.820000,0.000000
18.46462	-2.430000,-79.250000,0.000000	88.870000,-13.740000,0.000000	64.250000,34.460000,0.000000	88.030000,3.720000,0.000000	82.360000,-5.820000,0.000000
18.51485	-2.120000,-79.800000,0.000000	88.900000,-13.220000,0.000000	65.640000,32.270000,0.000000	88.030000,3.720000,0.000000	82.360000,-5.820000,0.000000
18.58123	-3.360000,-80.040000,0.000000	89.040000,-12.780000,0.000000	67.170000,29.890000,0.000000	88.030000,3.720000,0.000000	82.360000,-5.820000,0.000000
18.58873	-3.280000,-80.250000,0.000000	89.050000,-12.090000,0.000000	68.290000,27.500000,0.000000	88.030000,3.720000,0.000000	82.360000,-5.820000,0.000000
18.64922	-4.100000,-80.380000,0.000000	88.970000,-11.510000,0.000000	69.760000,24.640000,0.000000	88.030000,3.720000,0.000000	82.360000,-5.820000,0.000000
18.69776	-3.230000,-80.370000,0.000000	88.960000,-10.860000,0.000000	71.890000,21.670000,0.000000	88.030000,3.720000,0.000000	82.360000,-5.820000,0.000000
18.76563	-3.090000,-80.270000,0.000000	89.320000,-10.510000,0.000000	72.970000,20.210000,0.000000	88.030000,3.720000,0.000000	82.360000,-5.820000,0.000000
18.76893	-6.160000,-80.340000,0.000000	89.710000,-9.820000,0.000000	74.150000,18.320000,0.000000	88.030000,3.720000,0.000000	82.360000,-5.820000,0.000000
18.82145	-6.250000,-80.630000,0.000000	90.070000,-8.790000,0.000000	75.390000,17.110000,0.000000	88.030000,3.720000,0.000000	82.360000,-5.820000,0.000000
18.88355	-4.090000,-80.780000,0.000000	90.190000,-8.360000,0.000000	76.430000,15.390000,0.000000	88.030000,3.720000,0.000000	82.360000,-5.820000,0.000000
18.94768	-3.110000,-80.920000,0.000000	90.520000,-7.370000,0.000000	77.710000,14.280000,0.000000	88.030000,3.720000,0.000000	82.360000,-5.820000,0.000000
18.95000	-2.340000,-80.960000,0.000000	91.170000,-6.420000,0.000000	79.050000,12.970000,0.000000	88.030000,3.720000,0.000000	82.360000,-5.820000,0.000000
19.00000	-1.030000,-81.060000,0.000000	91.630000,-5.600000,0.000000	80.130000,11.330000,0.000000	88.030000,3.720000,0.000000	82.360000,-5.820000,0.000000
19.06643	0.750000,-81.190000,0.000000	92.060000,-4.720000,0.000000	81.170000,9.680000,0.000000	88.030000,3.720000,0.000000	82.360000,-5.820000,0.000000
19.11580	2.180000,-81.340000,0.000000	92.500000,-4.010000,0.000000	82.390000,7.810000,0.000000	88.030000,3.720000,0.000000	82.360000,-5.820000,0.000000
19.12827	3.270000,-81.030000,0.000000	92.770000,-3.120000,0.000000	83.430000,5.880000,0.000000	88.030000,3.720000,0.000000	82.360000,-5.820000,0.000000
19.18124	10.030000,-81.520000,0.000000	92.950000,-2.140000,0.000000	84.400000,4.300000,0.000000	88.030000,3.720000,0.000000	82.360000,-5.820000,0.000000
19.24626	15.890000,-82.160000,0.000000	93.560000,-1.370000,0.000000	85.400000,3.020000,0.000000	88.030000,3.720000,0.000000	82.360000,-5.820000,0.000000
19.29882	17.320000,-82.710000,0.000000	93.910000,-0.970000,0.000000	86.340000,1.460000,0.000000	88.030000,3.720000,0.000000	82.360000,-5.820000,0.000000
19.30920	17.130000,-82.980000,0.000000	94.290000,-0.510000,0.000000	87.190000,-0.050000,0.000000	88.030000,3.720000,0.000000	82.360000,-5.820000,0.000000
19.48901	17.070000,-83.220000,0.000000	94.640000,0.250000,0.000000	87.880000,-1.050000,0.000000	88.030000,3.720000,0.000000	82.360000,-5.820000,0.000000
19.49048	18.500000,-83.530000,0.000000	94.960000,1.120000,0.000000	88.480000,-1.950000,0.000000	88.030000,3.720000,0.000000	82.360000,-5.820000,0.000000
19.49248	20.520000,-83.800000,0.000000	95.040000,1.940000,0.000000	88.960000,-2.630000,0.000000	88.030000,3.720000,0.000000	82.360000,-5.820000,0.000000
19.49409	21.090000,-84.060000,0.000000	95.280000,2.690000,0.000000	89.500000,-2.920000,0.000000	88.030000,3.720000,0.000000	82.360000,-5.820000,0.000000
19.54714	19.690000,-84.280000,0.000000	95.490000,3.320000,0.000000	89.950000,-3.400000,0.000000	88.030000,3.720000,0.000000	82.360000,-5.820000,0.000000
19.60541	19.280000,-84.490000,0.000000	95.600000,3.770000,0.000000	90.460000,-4.080000,0.000000	88.030000,3.720000,0.000000	82.360000,-5.820000,0.000000
19.66633	18.770000,-84.570000,0.000000	95.740000,4.120000,0.000000	90.960000,-4.880000,0.000000	88.030000,3.720000,0.000000	82.360000,-5.820000,0.000000
19.66933	18.230000,-84.630000,0.000000	95.880000,4.500000,0.000000	91.310000,-5.300000,0.000000	88.030000,3.720000,0.000000	82.360000,-5.820000,0.000000
19.72124	18.460000,-84.830000,0.000000	96.040000,4.820000,0.000000	91.600000,-5.680000,0.000000	88.030000,3.720000,0.000000	82.360000,-5.820000,0.000000
19.78616	18.160000,-84.990000,0.000000	96.130000,5.140000,0.000000	91.820000,-5.810000,0.000000	88.030000,3.720000,0.000000	82.360000,-5.820000,0.000000
19.83799	17.830000,-85.120000,0.000000	96.240000,5.440000,0.000000	92.130000,-6.230000,0.000000	88.030000,3.720000,0.000000	82.360000,-5.820000,0.000000
19.85003	16.640000,-85.160000,0.000000	96.300000,5.670000,0.000000	92.300000,-6.440000,0.000000	88.030000,3.720000,0.000000	82.360000,-5.820000,0.000000
19.90479	14.910000,-85.380000,0.000000	96.280000,5.830000,0.000000	92.380000,-6.580000,0.000000	88.030000,3.720000,0.000000	82.360000,-5.820000,0.000000
19.96667	15.780000,-85.500000,0.000000	96.300000,6.260000,0.000000	92.540000,-6.530000,0.000000	88.030000,3.720000,0.000000	82.360000,-5.820000,0.000000
20.02575	17.190000,-85.510000,0.000000	96.280000,6.620000,0.000000	92.670000,-6.570000,0.000000	88.030000,3.720000,0.000000	82.360000,-5.820000,0.000000
20.02882	18.820000,-85.460000,0.000000	96.190000,6.880000,0.000000	92.770000,-6.630000,0.000000	88.030000,3.720000,0.000000	82.360000,-5.820000,0.000000
