time	pelvis_imu	femur_r_imu	tibia_r_imu
0.000	-20.930000,-67.900000,0.000000	84.340000,42.590000,0.000000	135.230000,-88.140000,0.000000
0.137	-20.870000,-67.950000,0.000000	84.360000,42.600000,0.000000	131.390000,-88.150000,0.000000
0.262	-20.890000,-68.100000,0.000000	84.380000,42.570000,0.000000	132.790000,-88.110000,0.000000
0.400	-20.920000,-68.060000,0.000000	84.360000,42.560000,0.000000	132.140000,-88.130000,0.000000
0.525	-20.830000,-68.000000,0.000000	84.280000,42.490000,0.000000	133.460000,-88.050000,0.000000
0.649	-21.030000,-68.050000,0.000000	84.170000,42.560000,0.000000	133.510000,-87.990000,0.000000
0.787	-21.110000,-68.010000,0.000000	84.230000,42.590000,0.000000	136.590000,-87.960000,0.000000
0.912	-21.390000,-67.900000,0.000000	84.170000,42.650000,0.000000	135.960000,-87.880000,0.000000
1.062	-21.370000,-67.940000,0.000000	84.210000,42.560000,0.000000	135.640000,-87.860000,0.000000
1.174	-21.450000,-68.010000,0.000000	84.200000,42.490000,0.000000	134.240000,-87.900000,0.000000
1.300	-21.290000,-68.070000,0.000000	84.300000,42.400000,0.000000	129.460000,-88.010000,0.000000
1.437	-21.490000,-68.120000,0.000000	84.220000,42.290000,0.000000	131.810000,-88.040000,0.000000
1.562	-21.660000,-68.020000,0.000000	84.150000,42.370000,0.000000	133.240000,-88.210000,0.000000
1.700	-21.730000,-68.260000,0.000000	84.200000,42.190000,0.000000	137.140000,-88.210000,0.000000
1.824	-20.940000,-68.210000,0.000000	84.070000,42.210000,0.000000	143.330000,-88.040000,0.000000
1.949	-19.360000,-68.670000,0.000000	83.940000,41.710000,0.000000	124.060000,-87.980000,0.000000
2.087	-19.670000,-68.750000,0.000000	84.200000,41.820000,0.000000	131.640000,-86.710000,0.000000
2.213	-19.540000,-68.740000,0.000000	84.350000,41.510000,0.000000	137.040000,-86.570000,0.000000
2.350	-17.140000,-69.430000,0.000000	83.830000,40.630000,0.000000	118.700000,-85.420000,0.000000
2.475	-17.270000,-69.850000,0.000000	82.170000,39.790000,0.000000	126.730000,-84.750000,0.000000
2.600	-21.200000,-69.940000,0.000000	81.360000,38.270000,0.000000	133.870000,-83.190000,0.000000
2.737	-23.060000,-70.630000,0.000000	81.180000,36.850000,0.000000	137.590000,-82.020000,0.000000
2.862	-25.300000,-71.490000,0.000000	81.240000,34.750000,0.000000	132.260000,-81.900000,0.000000
3.000	-26.750000,-72.620000,0.000000	80.990000,33.040000,0.000000	117.100000,-79.630000,0.000000
3.125	-32.290000,-73.280000,0.000000	81.550000,29.730000,0.000000	99.030000,-77.910000,0.000000
3.250	-39.790000,-74.830000,0.000000	81.510000,26.490000,0.000000	85.750000,-76.720000,0.000000
3.387	-44.660000,-75.960000,0.000000	81.500000,24.010000,0.000000	76.150000,-75.820000,0.000000
3.512	-50.940000,-76.760000,0.000000	81.470000,21.200000,0.000000	72.440000,-76.380000,0.000000
3.649	-53.930000,-77.370000,0.000000	81.840000,19.330000,0.000000	74.590000,-76.810000,0.000000
3.775	-56.850000,-77.510000,0.000000	81.060000,17.770000,0.000000	86.780000,-76.380000,0.000000
3.900	-59.170000,-77.640000,0.000000	81.370000,16.610000,0.000000	40.320000,-74.250000,0.000000
4.037	-59.650000,-77.680000,0.000000	81.430000,15.580000,0.000000	58.780000,-71.490000,0.000000
4.163	-60.600000,-77.680000,0.000000	81.760000,14.550000,0.000000	16.200000,-67.990000,0.000000
4.300	-61.410000,-77.730000,0.000000	81.960000,13.770000,0.000000	-21.450000,-63.470000,0.000000
4.425	-61.450000,-77.720000,0.000000	82.330000,13.390000,0.000000	-54.960000,-58.900000,0.000000
4.550	-60.470000,-77.640000,0.000000	82.640000,13.140000,0.000000	-85.060000,-54.900000,0.000000
4.688	-59.490000,-77.650000,0.000000	82.860000,12.940000,0.000000	-110.690000,-51.680000,0.000000
4.812	-59.330000,-77.340000,0.000000	82.570000,13.160000,0.000000	-132.310000,-52.140000,0.000000
4.950	-59.290000,-77.090000,0.000000	82.820000,12.990000,0.000000	137.150000,-55.660000,0.000000
5.075	-59.920000,-77.100000,0.000000	82.890000,12.880000,0.000000	108.980000,-59.060000,0.000000
5.200	-59.590000,-77.250000,0.000000	83.290000,12.690000,0.000000	89.850000,-60.310000,0.000000
5.338	-61.320000,-77.120000,0.000000	83.570000,12.510000,0.000000	71.650000,-62.820000,0.000000
5.462	-63.770000,-77.510000,0.000000	84.090000,12.210000,0.000000	57.680000,-65.770000,0.000000
5.600	-64.900000,-77.260000,0.000000	84.480000,11.920000,0.000000	61.510000,-68.300000,0.000000
5.725	-65.000000,-77.350000,0.000000	84.880000,12.200000,0.000000	69.400000,-68.890000,0.000000
5.850	-62.990000,-77.170000,0.000000	84.810000,12.500000,0.000000	77.220000,-67.530000,0.000000
5.988	-61.540000,-77.080000,0.000000	85.020000,12.850000,0.000000	26.560000,-64.670000,0.000000
6.113	-60.400000,-76.900000,0.000000	85.040000,13.210000,0.000000	-17.950000,-60.800000,0.000000
6.262	-59.320000,-76.770000,0.000000	85.080000,13.470000,0.000000	-57.510000,-57.070000,0.000000
6.388	-57.790000,-76.650000,0.000000	84.980000,14.090000,0.000000	-91.350000,-54.400000,0.000000
6.500	-57.450000,-76.620000,0.000000	85.130000,14.270000,0.000000	-121.110000,-52.990000,0.000000
6.637	-55.980000,-76.670000,0.000000	84.860000,14.720000,0.000000	-147.210000,-54.810000,0.000000
6.762	-55.130000,-76.590000,0.000000	84.860000,15.130000,0.000000	114.620000,-59.560000,0.000000
6.900	-56.230000,-76.410000,0.000000	85.160000,14.540000,0.000000	76.510000,-63.510000,0.000000
7.025	-55.600000,-76.990000,0.000000	85.270000,14.920000,0.000000	54.360000,-65.720000,0.000000
7.150	-55.840000,-77.190000,0.000000	85.340000,14.700000,0.000000	31.430000,-66.870000,0.000000
7.287	-55.990000,-77.270000,0.000000	85.500000,14.770000,0.000000	14.570000,-68.430000,0.000000
7.413	-56.590000,-77.190000,0.000000	85.750000,14.600000,0.000000	0.620000,-70.840000,0.000000
7.549	-57.650000,-77.320000,0.000000	85.540000,14.230000,0.000000	13.180000,-73.420000,0.000000
7.675	-56.660000,-77.560000,0.000000	85.590000,14.580000,0.000000	-32.290000,-72.790000,0.000000
7.800	-54.890000,-77.530000,0.000000	85.540000,14.850000,0.000000	-72.690000,-70.280000,0.000000
7.937	-54.320000,-77.510000,0.000000	85.400000,15.060000,0.000000	-107.100000,-66.950000,0.000000
8.062	-54.590000,-77.600000,0.000000	85.310000,15.020000,0.000000	-136.780000,-62.820000,0.000000
8.200	-54.610000,-77.570000,0.000000	85.280000,15.220000,0.000000	-161.500000,-57.720000,0.000000
8.325	-54.730000,-77.860000,0.000000	85.260000,15.310000,0.000000	-182.580000,-52.950000,0.000000
8.450	-55.370000,-78.110000,0.000000	85.240000,15.110000,0.000000	-200.400000,-50.280000,0.000000
8.588	-56.240000,-78.180000,0.000000	85.110000,15.020000,0.000000	-214.150000,-50.250000,0.000000
8.712	-55.250000,-78.210000,0.000000	85.270000,15.390000,0.000000	161.390000,-53.980000,0.000000
8.850	-56.120000,-78.120000,0.000000	85.450000,14.760000,0.000000	121.830000,-58.490000,0.000000
8.975	-35.710000,-72.490000,0.000000	85.600000,13.970000,0.000000	87.010000,-60.610000,0.000000
9.100	-39.430000,-73.580000,0.000000	85.660000,14.090000,0.000000	58.710000,-62.320000,0.000000
9.236	-41.840000,-74.360000,0.000000	85.200000,14.380000,0.000000	34.550000,-64.450000,0.000000
9.362	-44.440000,-74.420000,0.000000	85.500000,13.920000,0.000000	16.450000,-67.180000,0.000000
9.500	-46.870000,-74.920000,0.000000	84.870000,13.910000,0.000000	20.610000,-69.490000,0.000000
9.624	-48.020000,-75.350000,0.000000	84.660000,14.570000,0.000000	28.940000,-68.630000,0.000000
9.750	-49.350000,-75.940000,0.000000	84.950000,14.700000,0.000000	-21.410000,-66.350000,0.000000
9.888	-49.340000,-76.270000,0.000000	84.900000,14.940000,0.000000	-64.780000,-62.720000,0.000000
