time	pelvis_imu	femur_r_imu	tibia_r_imu
0.000	-14.220000,-69.330000,0.000000	51.590000,72.490000,0.000000	131.600000,-80.360000,0.000000
0.137	-15.150000,-69.870000,0.000000	52.440000,71.770000,0.000000	131.270000,-79.950000,0.000000
0.263	-15.630000,-70.200000,0.000000	54.000000,71.080000,0.000000	126.030000,-80.080000,0.000000
0.387	-16.660000,-70.720000,0.000000	56.130000,70.070000,0.000000	127.770000,-79.550000,0.000000
0.525	-17.980000,-71.620000,0.000000	58.070000,68.800000,0.000000	131.300000,-77.990000,0.000000
0.649	-22.100000,-73.140000,0.000000	61.330000,66.900000,0.000000	136.080000,-75.640000,0.000000
0.787	-27.150000,-74.280000,0.000000	64.910000,64.500000,0.000000	139.670000,-72.700000,0.000000
0.912	-33.770000,-75.300000,0.000000	67.700000,61.850000,0.000000	144.340000,-69.650000,0.000000
1.037	-38.760000,-76.420000,0.000000	70.160000,59.630000,0.000000	147.640000,-68.940000,0.000000
1.188	-46.450000,-76.940000,0.000000	73.280000,57.310000,0.000000	151.670000,-68.660000,0.000000
1.300	-52.820000,-77.910000,0.000000	75.780000,54.890000,0.000000	156.170000,-67.950000,0.000000
1.450	-62.010000,-78.480000,0.000000	77.870000,52.110000,0.000000	160.560000,-66.830000,0.000000
1.562	-70.110000,-78.930000,0.000000	79.330000,48.920000,0.000000	164.920000,-66.510000,0.000000
1.688	-79.500000,-78.630000,0.000000	80.240000,45.240000,0.000000	-177.760000,-65.800000,0.000000
1.824	-88.760000,-78.010000,0.000000	80.540000,41.240000,0.000000	180.000000,-64.410000,0.000000
1.950	-98.480000,-76.890000,0.000000	80.230000,37.010000,0.000000	179.890000,-63.460000,0.000000
2.088	-107.350000,-75.260000,0.000000	79.980000,32.650000,0.000000	180.730000,-63.480000,0.000000
2.238	-116.160000,-73.880000,0.000000	79.980000,29.010000,0.000000	182.010000,-63.350000,0.000000
2.350	-122.460000,-72.570000,0.000000	80.250000,24.780000,0.000000	180.900000,-63.050000,0.000000
2.475	-126.550000,-70.740000,0.000000	79.760000,21.060000,0.000000	181.860000,-62.870000,0.000000
2.600	-131.810000,-69.550000,0.000000	79.070000,18.570000,0.000000	180.380000,-62.930000,0.000000
2.737	-136.020000,-69.010000,0.000000	78.840000,17.130000,0.000000	180.830000,-62.780000,0.000000
2.863	-138.150000,-68.460000,0.000000	79.300000,17.200000,0.000000	179.530000,-63.480000,0.000000
2.988	-136.850000,-68.120000,0.000000	80.040000,17.940000,0.000000	177.800000,-63.530000,0.000000
3.125	-134.470000,-67.870000,0.000000	80.830000,20.180000,0.000000	171.150000,-64.820000,0.000000
3.249	-130.120000,-68.650000,0.000000	80.200000,23.240000,0.000000	167.620000,-65.690000,0.000000
3.388	-122.180000,-69.280000,0.000000	80.750000,27.160000,0.000000	163.160000,-66.590000,0.000000
3.513	-115.180000,-69.380000,0.000000	79.660000,31.390000,0.000000	159.600000,-68.350000,0.000000
3.637	-106.290000,-69.870000,0.000000	77.880000,35.780000,0.000000	153.070000,-70.440000,0.000000
3.775	-98.620000,-70.180000,0.000000	76.680000,39.960000,0.000000	151.820000,-72.000000,0.000000
3.900	-90.230000,-70.550000,0.000000	73.890000,43.990000,0.000000	147.790000,-73.840000,0.000000
4.038	-82.640000,-70.720000,0.000000	71.510000,47.630000,0.000000	143.730000,-75.550000,0.000000
4.175	-74.500000,-71.090000,0.000000	68.240000,51.310000,0.000000	134.540000,-76.720000,0.000000
4.287	-68.160000,-71.140000,0.000000	65.590000,54.480000,0.000000	133.340000,-77.770000,0.000000
4.425	-61.380000,-71.710000,0.000000	62.620000,57.720000,0.000000	131.970000,-78.430000,0.000000
4.550	-55.660000,-71.890000,0.000000	60.460000,60.350000,0.000000	129.340000,-79.360000,0.000000
4.688	-50.130000,-71.870000,0.000000	58.970000,62.680000,0.000000	125.700000,-80.440000,0.000000
4.812	-45.640000,-72.020000,0.000000	58.410000,64.250000,0.000000	117.480000,-81.330000,0.000000
4.950	-43.180000,-72.090000,0.000000	58.780000,65.070000,0.000000	119.150000,-82.000000,0.000000
5.075	-42.490000,-72.530000,0.000000	61.120000,65.160000,0.000000	126.230000,-80.780000,0.000000
5.199	-42.600000,-74.010000,0.000000	63.380000,64.650000,0.000000	132.730000,-77.900000,0.000000
5.338	-46.360000,-74.800000,0.000000	66.050000,62.720000,0.000000	136.800000,-74.380000,0.000000
5.462	-55.590000,-75.740000,0.000000	67.590000,59.700000,0.000000	-176.860000,-72.280000,0.000000
5.588	-62.220000,-76.180000,0.000000	67.920000,55.870000,0.000000	-177.590000,-70.460000,0.000000
5.725	-72.850000,-75.680000,0.000000	68.490000,50.930000,0.000000	-177.540000,-69.460000,0.000000
5.863	-83.220000,-75.200000,0.000000	68.930000,46.430000,0.000000	-177.240000,-69.060000,0.000000
5.987	-91.570000,-74.050000,0.000000	69.340000,41.640000,0.000000	174.800000,-68.550000,0.000000
6.112	-99.510000,-72.550000,0.000000	69.460000,36.820000,0.000000	173.100000,-68.550000,0.000000
6.238	-107.320000,-71.500000,0.000000	69.890000,32.930000,0.000000	170.330000,-68.550000,0.000000
6.375	-112.820000,-69.950000,0.000000	70.120000,28.750000,0.000000	168.440000,-69.110000,0.000000
6.500	-117.620000,-68.730000,0.000000	70.460000,25.410000,0.000000	167.170000,-69.480000,0.000000
6.637	-122.520000,-68.020000,0.000000	70.990000,23.140000,0.000000	-178.160000,-70.170000,0.000000
6.763	-125.070000,-67.380000,0.000000	71.640000,20.980000,0.000000	152.280000,-69.890000,0.000000
6.888	-128.040000,-66.600000,0.000000	72.000000,20.370000,0.000000	-179.220000,-69.970000,0.000000
7.025	-127.400000,-67.230000,0.000000	73.210000,21.570000,0.000000	168.970000,-69.330000,0.000000
7.150	-123.880000,-67.990000,0.000000	73.590000,23.240000,0.000000	167.890000,-70.170000,0.000000
7.287	-119.810000,-69.490000,0.000000	74.300000,26.060000,0.000000	164.470000,-71.150000,0.000000
7.425	-113.670000,-69.750000,0.000000	75.510000,29.730000,0.000000	157.640000,-71.370000,0.000000
7.550	-107.520000,-69.650000,0.000000	75.150000,33.890000,0.000000	156.460000,-71.900000,0.000000
7.675	-99.450000,-70.000000,0.000000	73.610000,38.540000,0.000000	158.040000,-72.240000,0.000000
7.800	-91.090000,-70.140000,0.000000	70.970000,43.190000,0.000000	142.890000,-74.110000,0.000000
7.937	-81.900000,-70.120000,0.000000	68.860000,47.360000,0.000000	146.250000,-76.820000,0.000000
8.063	-73.080000,-70.720000,0.000000	66.750000,51.350000,0.000000	142.360000,-77.950000,0.000000
8.188	-66.000000,-71.100000,0.000000	63.740000,55.000000,0.000000	136.380000,-79.240000,0.000000
8.325	-59.900000,-71.190000,0.000000	61.580000,58.160000,0.000000	132.810000,-80.390000,0.000000
8.450	-53.530000,-71.260000,0.000000	58.900000,61.110000,0.000000	129.740000,-81.080000,0.000000
8.588	-48.490000,-71.260000,0.000000	56.820000,63.620000,0.000000	128.080000,-81.840000,0.000000
8.712	-44.000000,-71.390000,0.000000	55.280000,65.790000,0.000000	126.180000,-82.420000,0.000000
8.850	-40.140000,-71.390000,0.000000	54.000000,67.510000,0.000000	125.870000,-82.850000,0.000000
8.988	-37.170000,-71.450000,0.000000	52.500000,68.870000,0.000000	125.610000,-83.200000,0.000000
9.113	-34.650000,-71.420000,0.000000	52.350000,69.930000,0.000000	116.250000,-83.990000,0.000000
9.238	-32.030000,-71.330000,0.000000	53.150000,70.800000,0.000000	109.910000,-84.520000,0.000000
9.362	-31.350000,-71.760000,0.000000	54.750000,70.540000,0.000000	114.940000,-83.990000,0.000000
9.487	-32.770000,-72.490000,0.000000	57.430000,69.450000,0.000000	121.830000,-81.810000,0.000000
9.625	-36.140000,-73.720000,0.000000	60.490000,67.930000,0.000000	129.010000,-78.620000,0.000000
9.750	-43.800000,-75.010000,0.000000	63.570000,65.170000,0.000000	136.360000,-76.030000,0.000000
9.888	-51.960000,-76.340000,0.000000	66.320000,62.150000,0.000000	-173.840000,-73.630000,0.000000
10.012	-60.360000,-75.890000,0.000000	68.180000,57.830000,0.000000	-173.630000,-71.710000,0.000000
10.138	-70.650000,-75.190000,0.000000	69.250000,52.730000,0.000000	174.600000,-70.220000,0.000000
10.275	-80.780000,-74.440000,0.000000	69.840000,47.520000,0.000000	-171.100000,-69.200000,0.000000
10.401	-90.700000,-73.180000,0.000000	70.230000,41.890000,0.000000	171.220000,-68.130000,0.000000
10.537	-100.860000,-72.150000,0.000000	70.620000,36.860000,0.000000	172.010000,-67.880000,0.000000
10.663	-109.370000,-70.940000,0.000000	70.810000,31.820000,0.000000	172.580000,-67.740000,0.000000
10.787	-115.770000,-69.400000,0.000000	70.890000,27.500000,0.000000	171.620000,-67.510000,0.000000
10.924	-121.270000,-68.320000,0.000000	70.860000,23.760000,0.000000	171.690000,-67.650000,0.000000
11.050	-126.170000,-67.460000,0.000000	70.870000,20.660000,0.000000	170.180000,-67.540000,0.000000
11.200	-130.890000,-66.920000,0.000000	71.180000,18.280000,0.000000	170.720000,-67.150000,0.000000
11.325	-135.030000,-66.870000,0.000000	71.810000,17.420000,0.000000	169.690000,-66.320000,0.000000
11.437	-137.180000,-66.610000,0.000000	72.570000,16.920000,0.000000	-178.110000,-66.680000,0.000000
11.575	-136.300000,-66.510000,0.000000	74.090000,17.740000,0.000000	157.930000,-65.150000,0.000000
11.700	-133.450000,-66.830000,0.000000	75.460000,19.740000,0.000000	159.320000,-65.300000,0.000000
11.837	-127.250000,-67.370000,0.000000	76.140000,22.740000,0.000000	161.110000,-66.490000,0.000000
11.963	-121.150000,-67.990000,0.000000	77.440000,26.430000,0.000000	159.280000,-65.590000,0.000000
12.087	-112.460000,-68.290000,0.000000	76.470000,31.290000,0.000000	154.170000,-66.530000,0.000000
12.225	-104.200000,-68.750000,0.000000	75.470000,35.560000,0.000000	153.310000,-68.350000,0.000000
12.350	-97.990000,-68.930000,0.000000	74.520000,39.260000,0.000000	154.720000,-69.840000,0.000000
12.488	-89.990000,-69.210000,0.000000	71.980000,43.340000,0.000000	157.840000,-70.910000,0.000000
12.612	-81.780000,-69.050000,0.000000	69.250000,47.320000,0.000000	158.370000,-71.950000,0.000000
12.738	-72.070000,-69.250000,0.000000	64.810000,51.670000,0.000000	153.970000,-73.180000,0.000000
12.875	-64.720000,-69.400000,0.000000	61.530000,55.260000,0.000000	152.280000,-74.300000,0.000000
13.000	-57.500000,-69.570000,0.000000	58.010000,58.620000,0.000000	152.270000,-75.530000,0.000000
13.138	-51.190000,-69.370000,0.000000	55.520000,61.660000,0.000000	152.710000,-76.440000,0.000000
13.262	-45.650000,-69.600000,0.000000	53.020000,64.170000,0.000000	152.350000,-77.080000,0.000000
13.400	-40.620000,-69.670000,0.000000	50.500000,66.460000,0.000000	152.830000,-77.700000,0.000000
13.525	-36.210000,-69.640000,0.000000	48.620000,68.220000,0.000000	153.370000,-78.230000,0.000000
13.663	-32.790000,-69.750000,0.000000	46.710000,69.720000,0.000000	153.650000,-78.730000,0.000000
13.787	-30.000000,-69.840000,0.000000	45.640000,71.120000,0.000000	154.000000,-79.030000,0.000000
13.913	-27.300000,-69.840000,0.000000	44.050000,72.140000,0.000000	154.130000,-79.330000,0.000000
14.038	-25.350000,-69.860000,0.000000	43.050000,73.060000,0.000000	153.970000,-79.860000,0.000000
14.175	-22.830000,-69.670000,0.000000	43.620000,73.820000,0.000000	147.820000,-80.760000,0.000000
14.313	-22.380000,-69.980000,0.000000	45.060000,73.630000,0.000000	149.860000,-81.280000,0.000000
14.437	-23.110000,-70.460000,0.000000	47.730000,72.800000,0.000000	153.920000,-80.350000,0.000000
14.563	-25.260000,-71.280000,0.000000	51.490000,71.320000,0.000000	156.900000,-78.420000,0.000000
14.688	-25.730000,-73.050000,0.000000	55.410000,69.720000,0.000000	-176.140000,-76.240000,0.000000
14.825	-34.280000,-74.460000,0.000000	59.990000,66.120000,0.000000	-176.150000,-73.580000,0.000000
14.950	-44.880000,-75.080000,0.000000	63.430000,61.890000,0.000000	-175.560000,-70.580000,0.000000
15.100	-58.370000,-75.140000,0.000000	65.730000,55.960000,0.000000	-176.110000,-68.100000,0.000000
15.234	-74.090000,-74.890000,0.000000	66.700000,50.260000,0.000000	-172.800000,-65.530000,0.000000
15.350	-86.790000,-74.270000,0.000000	68.160000,44.600000,0.000000	170.820000,-63.570000,0.000000
15.475	-96.200000,-73.440000,0.000000	69.760000,39.570000,0.000000	-177.110000,-62.230000,0.000000
15.600	-103.830000,-72.710000,0.000000	70.980000,35.180000,0.000000	166.510000,-60.490000,0.000000
15.738	-112.440000,-72.300000,0.000000	72.450000,31.150000,0.000000	168.320000,-59.040000,0.000000
15.863	-119.360000,-72.390000,0.000000	73.640000,28.340000,0.000000	170.070000,-56.950000,0.000000
15.999	-122.230000,-72.380000,0.000000	74.760000,26.680000,0.000000	-176.180000,-53.750000,0.000000
16.125	-124.130000,-72.510000,0.000000	77.670000,26.840000,0.000000	164.620000,-52.730000,0.000000
16.249	-119.250000,-72.980000,0.000000	79.560000,29.240000,0.000000	164.760000,-53.310000,0.000000
16.388	-114.460000,-73.770000,0.000000	81.030000,31.750000,0.000000	167.360000,-52.490000,0.000000
16.512	-107.690000,-73.670000,0.000000	80.300000,36.180000,0.000000	167.160000,-55.030000,0.000000
16.650	-96.100000,-72.670000,0.000000	76.270000,41.340000,0.000000	140.460000,-58.480000,0.000000
16.775	-86.720000,-72.130000,0.000000	73.670000,45.770000,0.000000	128.340000,-62.520000,0.000000
16.900	-75.090000,-72.270000,0.000000	67.800000,50.380000,0.000000	116.620000,-66.260000,0.000000
17.038	-65.790000,-71.880000,0.000000	64.440000,54.830000,0.000000	103.340000,-69.390000,0.000000
17.162	-58.170000,-71.640000,0.000000	60.040000,58.720000,0.000000	99.390000,-72.360000,0.000000
17.288	-50.900000,-71.290000,0.000000	55.640000,62.080000,0.000000	101.350000,-74.880000,0.000000
17.425	-45.450000,-70.920000,0.000000	52.580000,64.780000,0.000000	105.260000,-77.100000,0.000000
17.550	-40.600000,-70.490000,0.000000	49.810000,67.220000,0.000000	104.540000,-79.250000,0.000000
17.688	-36.330000,-70.080000,0.000000	47.250000,69.310000,0.000000	104.260000,-81.090000,0.000000
17.825	-33.050000,-69.760000,0.000000	44.860000,71.110000,0.000000	103.070000,-82.650000,0.000000
17.937	-29.970000,-69.620000,0.000000	43.510000,72.920000,0.000000	105.140000,-83.850000,0.000000
18.075	-26.630000,-69.400000,0.000000	42.610000,74.430000,0.000000	95.050000,-85.140000,0.000000
18.200	-23.820000,-69.650000,0.000000	43.310000,75.540000,0.000000	96.480000,-86.010000,0.000000
18.337	-21.690000,-69.670000,0.000000	43.290000,76.010000,0.000000	98.560000,-86.320000,0.000000
18.462	-23.060000,-69.870000,0.000000	45.830000,74.860000,0.000000	105.400000,-86.120000,0.000000
18.588	-26.560000,-70.700000,0.000000	49.820000,73.010000,0.000000	-170.540000,-82.590000,0.000000
18.725	-28.730000,-72.070000,0.000000	54.340000,71.830000,0.000000	171.880000,-79.230000,0.000000
18.850	-35.510000,-73.780000,0.000000	59.760000,68.770000,0.000000	172.150000,-75.400000,0.000000
18.988	-44.780000,-75.090000,0.000000	63.700000,65.210000,0.000000	-179.760000,-72.420000,0.000000
19.125	-52.900000,-75.820000,0.000000	66.200000,60.720000,0.000000	178.320000,-68.810000,0.000000
19.237	-65.900000,-76.100000,0.000000	68.160000,55.620000,0.000000	177.560000,-66.070000,0.000000
19.375	-75.770000,-75.620000,0.000000	69.400000,49.590000,0.000000	-172.020000,-63.460000,0.000000
19.499	-84.500000,-74.990000,0.000000	70.520000,44.470000,0.000000	175.730000,-61.490000,0.000000
19.638	-92.100000,-74.610000,0.000000	71.410000,39.810000,0.000000	175.200000,-60.190000,0.000000
19.763	-100.270000,-74.130000,0.000000	72.060000,36.130000,0.000000	-175.420000,-59.580000,0.000000
19.888	-107.770000,-73.830000,0.000000	73.180000,33.090000,0.000000	175.350000,-58.980000,0.000000
20.025	-113.350000,-74.010000,0.000000	74.360000,30.760000,0.000000	-173.800000,-58.580000,0.000000
20.150	-118.800000,-73.820000,0.000000	75.390000,28.680000,0.000000	-174.420000,-59.000000,0.000000
20.288	-123.120000,-73.740000,0.000000	76.150000,27.020000,0.000000	-174.930000,-58.960000,0.000000
20.425	-126.080000,-73.540000,0.000000	77.250000,25.690000,0.000000	175.860000,-58.930000,0.000000
20.537	-127.710000,-73.190000,0.000000	77.900000,24.660000,0.000000	174.920000,-58.910000,0.000000
20.675	-128.370000,-73.330000,0.000000	78.190000,24.120000,0.000000	174.490000,-59.140000,0.000000
20.800	-129.730000,-73.550000,0.000000	78.540000,23.680000,0.000000	-174.930000,-58.920000,0.000000
20.937	-130.210000,-73.510000,0.000000	79.110000,23.620000,0.000000	178.960000,-58.950000,0.000000
21.062	-130.440000,-73.450000,0.000000	79.490000,23.670000,0.000000	178.340000,-59.060000,0.000000
21.188	-129.950000,-73.460000,0.000000	79.660000,23.810000,0.000000	-179.700000,-59.070000,0.000000
21.325	-128.940000,-73.440000,0.000000	79.920000,23.980000,0.000000	-179.840000,-59.200000,0.000000
21.450	-128.910000,-73.540000,0.000000	80.190000,24.310000,0.000000	-179.940000,-59.390000,0.000000
21.588	-129.430000,-73.730000,0.000000	80.320000,24.900000,0.000000	-180.320000,-59.530000,0.000000
21.713	-127.970000,-73.690000,0.000000	80.490000,25.430000,0.000000	-179.210000,-59.810000,0.000000
21.838	-127.060000,-73.470000,0.000000	80.790000,25.910000,0.000000	-179.710000,-59.870000,0.000000
21.988	-126.390000,-73.540000,0.000000	80.810000,26.510000,0.000000	-179.470000,-60.050000,0.000000
22.100	-125.570000,-73.470000,0.000000	80.800000,26.920000,0.000000	-179.380000,-60.430000,0.000000
22.237	-123.880000,-73.480000,0.000000	80.820000,27.330000,0.000000	177.230000,-60.680000,0.000000
22.363	-123.450000,-73.780000,0.000000	80.460000,27.740000,0.000000	-175.510000,-61.080000,0.000000
22.488	-122.800000,-74.010000,0.000000	80.470000,28.260000,0.000000	-175.510000,-61.490000,0.000000
22.625	-122.290000,-74.260000,0.000000	80.280000,28.630000,0.000000	-176.190000,-61.900000,0.000000
22.750	-122.580000,-74.230000,0.000000	80.300000,28.970000,0.000000	-176.770000,-62.530000,0.000000
22.888	-121.490000,-74.240000,0.000000	80.510000,29.480000,0.000000	178.830000,-62.890000,0.000000
23.013	-121.310000,-74.470000,0.000000	80.300000,29.900000,0.000000	-176.460000,-63.390000,0.000000
23.137	-120.380000,-74.500000,0.000000	80.120000,30.350000,0.000000	-177.280000,-63.550000,0.000000
23.275	-119.610000,-74.590000,0.000000	80.070000,30.910000,0.000000	-177.920000,-64.070000,0.000000
23.400	-118.460000,-74.530000,0.000000	80.450000,31.340000,0.000000	-178.420000,-64.430000,0.000000
23.538	-117.560000,-74.680000,0.000000	80.610000,31.670000,0.000000	-178.810000,-64.790000,0.000000
23.663	-116.470000,-74.650000,0.000000	80.720000,32.000000,0.000000	176.980000,-65.180000,0.000000
23.787	-114.290000,-74.520000,0.000000	80.710000,32.160000,0.000000	-178.360000,-65.660000,0.000000
23.925	-113.710000,-74.500000,0.000000	80.360000,32.400000,0.000000	171.170000,-65.800000,0.000000
24.063	-112.920000,-74.730000,0.000000	80.030000,32.870000,0.000000	172.080000,-66.020000,0.000000
24.188	-112.280000,-74.910000,0.000000	80.000000,33.130000,0.000000	173.060000,-66.390000,0.000000
24.312	-111.470000,-75.310000,0.000000	79.850000,33.660000,0.000000	-178.640000,-66.690000,0.000000
24.438	-110.380000,-75.340000,0.000000	80.040000,34.000000,0.000000	-178.940000,-66.960000,0.000000
24.575	-109.060000,-75.070000,0.000000	80.110000,34.130000,0.000000	178.400000,-67.120000,0.000000
24.699	-107.600000,-74.970000,0.000000	80.070000,34.460000,0.000000	178.190000,-67.180000,0.000000
24.837	-107.030000,-75.140000,0.000000	79.970000,34.930000,0.000000	176.970000,-67.430000,0.000000
24.963	-106.250000,-75.200000,0.000000	80.150000,35.320000,0.000000	176.550000,-68.010000,0.000000
25.088	-105.590000,-75.440000,0.000000	80.310000,35.810000,0.000000	176.250000,-68.440000,0.000000
25.225	-105.490000,-75.780000,0.000000	80.490000,36.450000,0.000000	174.890000,-69.100000,0.000000
25.350	-105.020000,-76.070000,0.000000	80.330000,36.910000,0.000000	172.590000,-69.290000,0.000000
25.487	-103.310000,-75.730000,0.000000	80.350000,37.160000,0.000000	-174.870000,-70.260000,0.000000
25.613	-101.360000,-75.640000,0.000000	80.850000,37.680000,0.000000	156.850000,-70.660000,0.000000
25.738	-99.540000,-75.210000,0.000000	81.150000,38.090000,0.000000	154.320000,-71.550000,0.000000
25.875	-98.570000,-75.550000,0.000000	80.980000,39.600000,0.000000	148.450000,-73.550000,0.000000
26.000	-91.290000,-76.380000,0.000000	79.100000,42.190000,0.000000	145.570000,-75.290000,0.000000
26.137	-84.230000,-76.250000,0.000000	78.370000,44.600000,0.000000	134.650000,-76.900000,0.000000
26.263	-79.080000,-75.900000,0.000000	75.490000,47.560000,0.000000	130.560000,-78.060000,0.000000
26.387	-72.320000,-75.290000,0.000000	71.960000,50.860000,0.000000	126.270000,-79.410000,0.000000
26.525	-65.660000,-74.300000,0.000000	68.500000,53.970000,0.000000	126.180000,-80.270000,0.000000
26.650	-58.810000,-73.760000,0.000000	64.270000,57.170000,0.000000	128.240000,-80.730000,0.000000
26.788	-53.030000,-72.820000,0.000000	61.080000,59.560000,0.000000	134.250000,-80.320000,0.000000
26.913	-47.450000,-72.270000,0.000000	57.670000,62.080000,0.000000	137.100000,-79.040000,0.000000
27.037	-43.380000,-71.480000,0.000000	54.790000,64.240000,0.000000	-165.470000,-79.560000,0.000000
27.175	-39.550000,-71.180000,0.000000	53.250000,66.960000,0.000000	123.480000,-79.940000,0.000000
27.325	-33.130000,-70.740000,0.000000	50.200000,69.960000,0.000000	111.420000,-81.640000,0.000000
27.438	-27.660000,-70.550000,0.000000	48.580000,72.430000,0.000000	-167.390000,-83.170000,0.000000
27.563	-22.710000,-70.260000,0.000000	45.340000,74.680000,0.000000	-170.330000,-84.080000,0.000000
27.687	-19.460000,-69.810000,0.000000	41.570000,76.670000,0.000000	-171.400000,-83.990000,0.000000
27.825	-16.300000,-69.320000,0.000000	39.530000,78.120000,0.000000	-172.740000,-84.390000,0.000000
27.950	-14.390000,-68.810000,0.000000	37.740000,79.100000,0.000000	178.070000,-84.710000,0.000000
28.088	-13.280000,-68.510000,0.000000	36.950000,80.020000,0.000000	-172.670000,-85.110000,0.000000
28.212	-12.390000,-68.330000,0.000000	35.740000,80.730000,0.000000	170.320000,-85.390000,0.000000
28.338	-11.390000,-68.190000,0.000000	34.280000,81.230000,0.000000	-176.210000,-85.330000,0.000000
28.475	-11.790000,-67.730000,0.000000	34.060000,81.350000,0.000000	166.330000,-85.280000,0.000000
28.600	-12.280000,-67.500000,0.000000	33.140000,81.310000,0.000000	164.670000,-84.990000,0.000000
28.750	-13.150000,-67.360000,0.000000	33.540000,81.110000,0.000000	164.150000,-84.750000,0.000000
28.863	-13.580000,-67.380000,0.000000	32.760000,80.890000,0.000000	163.040000,-84.700000,0.000000
28.988	-14.170000,-67.460000,0.000000	32.610000,80.450000,0.000000	162.370000,-84.630000,0.000000
29.125	-15.170000,-67.200000,0.000000	32.620000,80.030000,0.000000	161.220000,-84.420000,0.000000
29.250	-15.920000,-67.080000,0.000000	32.680000,79.750000,0.000000	161.850000,-84.220000,0.000000
29.387	-16.290000,-67.100000,0.000000	32.840000,79.500000,0.000000	162.420000,-84.340000,0.000000
29.513	-16.880000,-67.210000,0.000000	33.050000,79.420000,0.000000	163.540000,-84.230000,0.000000
29.638	-17.240000,-67.200000,0.000000	33.390000,79.140000,0.000000	164.130000,-84.000000,0.000000
29.775	-18.000000,-67.200000,0.000000	34.550000,78.740000,0.000000	164.750000,-83.940000,0.000000
29.900	-18.620000,-67.320000,0.000000	35.050000,78.440000,0.000000	165.310000,-83.810000,0.000000
30.037	-19.050000,-67.460000,0.000000	35.370000,78.100000,0.000000	165.620000,-83.590000,0.000000
30.163	-19.510000,-67.720000,0.000000	36.160000,77.790000,0.000000	165.710000,-83.510000,0.000000
30.287	-20.010000,-67.770000,0.000000	36.440000,77.650000,0.000000	167.580000,-83.380000,0.000000
30.425	-20.180000,-67.830000,0.000000	37.300000,77.420000,0.000000	168.350000,-83.300000,0.000000
30.550	-20.720000,-67.810000,0.000000	38.050000,77.320000,0.000000	169.050000,-83.280000,0.000000
30.700	-20.440000,-67.830000,0.000000	38.150000,77.050000,0.000000	170.080000,-83.010000,0.000000
30.825	-20.820000,-67.840000,0.000000	38.800000,76.850000,0.000000	171.690000,-83.030000,0.000000
30.937	-21.140000,-67.950000,0.000000	39.030000,76.780000,0.000000	173.140000,-82.900000,0.000000
31.075	-21.460000,-68.030000,0.000000	39.870000,76.480000,0.000000	174.440000,-82.980000,0.000000
31.200	-21.570000,-67.990000,0.000000	39.790000,76.320000,0.000000	174.820000,-82.940000,0.000000
31.338	-21.690000,-67.990000,0.000000	39.950000,76.250000,0.000000	175.590000,-82.740000,0.000000
31.463	-21.490000,-68.080000,0.000000	39.820000,76.180000,0.000000	176.060000,-82.750000,0.000000
31.588	-21.750000,-68.000000,0.000000	40.280000,75.950000,0.000000	176.930000,-82.620000,0.000000
31.725	-22.090000,-68.070000,0.000000	40.260000,75.870000,0.000000	176.680000,-82.490000,0.000000
31.850	-22.230000,-68.160000,0.000000	39.870000,75.760000,0.000000	176.840000,-82.420000,0.000000
31.988	-22.430000,-68.310000,0.000000	39.730000,75.660000,0.000000	177.050000,-82.420000,0.000000
32.112	-22.440000,-68.120000,0.000000	39.880000,75.550000,0.000000	177.700000,-82.210000,0.000000
32.238	-22.630000,-68.130000,0.000000	39.920000,75.400000,0.000000	177.800000,-82.090000,0.000000
32.387	-22.940000,-68.220000,0.000000	40.260000,75.250000,0.000000	177.840000,-82.140000,0.000000
32.500	-22.760000,-68.300000,0.000000	40.630000,75.250000,0.000000	178.050000,-82.050000,0.000000
32.650	-22.810000,-68.280000,0.000000	41.160000,75.260000,0.000000	-178.930000,-82.090000,0.000000
32.762	-22.760000,-68.340000,0.000000	41.640000,75.220000,0.000000	174.120000,-82.130000,0.000000
32.888	-23.010000,-68.460000,0.000000	41.210000,75.190000,0.000000	-177.290000,-81.930000,0.000000
33.025	-23.140000,-68.460000,0.000000	41.040000,75.180000,0.000000	180.000000,-81.740000,0.000000
33.150	-23.260000,-68.560000,0.000000	41.150000,75.170000,0.000000	179.680000,-81.760000,0.000000
33.288	-23.690000,-68.750000,0.000000	41.110000,75.160000,0.000000	179.260000,-81.670000,0.000000
33.413	-23.760000,-68.710000,0.000000	41.190000,75.080000,0.000000	178.730000,-81.620000,0.000000
33.538	-24.050000,-68.810000,0.000000	41.400000,74.980000,0.000000	178.980000,-81.650000,0.000000
33.675	-23.930000,-68.810000,0.000000	41.080000,74.870000,0.000000	178.650000,-81.730000,0.000000
33.800	-24.000000,-68.870000,0.000000	40.960000,74.920000,0.000000	178.560000,-81.710000,0.000000
33.937	-24.060000,-68.670000,0.000000	40.720000,74.900000,0.000000	-177.390000,-81.840000,0.000000
34.063	-24.140000,-68.670000,0.000000	40.480000,74.950000,0.000000	170.800000,-81.840000,0.000000
34.187	-23.920000,-68.610000,0.000000	40.320000,74.910000,0.000000	172.020000,-81.830000,0.000000
34.325	-23.940000,-68.560000,0.000000	40.520000,74.960000,0.000000	173.010000,-81.810000,0.000000
34.450	-23.910000,-68.660000,0.000000	40.060000,75.060000,0.000000	174.320000,-81.810000,0.000000
34.588	-23.690000,-68.530000,0.000000	40.190000,75.090000,0.000000	175.350000,-81.790000,0.000000
34.713	-23.490000,-68.520000,0.000000	40.190000,74.980000,0.000000	176.130000,-81.700000,0.000000
34.837	-23.280000,-68.360000,0.000000	40.270000,74.970000,0.000000	176.580000,-81.720000,0.000000
34.975	-23.350000,-68.390000,0.000000	40.360000,75.100000,0.000000	177.500000,-81.760000,0.000000
35.112	-23.350000,-68.390000,0.000000	40.530000,75.000000,0.000000	-176.940000,-81.540000,0.000000
35.238	-23.410000,-68.330000,0.000000	39.830000,74.960000,0.000000	-177.010000,-81.480000,0.000000
35.362	-23.430000,-68.240000,0.000000	39.650000,74.890000,0.000000	173.190000,-81.390000,0.000000
35.488	-23.310000,-68.480000,0.000000	40.330000,75.110000,0.000000	172.390000,-81.400000,0.000000
35.625	-23.120000,-68.390000,0.000000	42.880000,75.070000,0.000000	-116.310000,-82.330000,0.000000
35.750	-22.260000,-68.570000,0.000000	42.470000,75.350000,0.000000	174.900000,-81.920000,0.000000
35.888	-21.950000,-68.570000,0.000000	43.990000,74.960000,0.000000	171.550000,-82.550000,0.000000
36.012	-23.730000,-68.620000,0.000000	46.650000,73.280000,0.000000	-175.340000,-81.100000,0.000000
36.138	-26.810000,-69.590000,0.000000	51.110000,71.070000,0.000000	-175.870000,-77.620000,0.000000
36.275	-33.020000,-70.840000,0.000000	56.690000,67.710000,0.000000	-174.580000,-72.830000,0.000000
36.413	-43.780000,-72.220000,0.000000	62.100000,63.170000,0.000000	-174.250000,-67.830000,0.000000
36.538	-55.240000,-73.330000,0.000000	64.990000,58.030000,0.000000	177.510000,-65.090000,0.000000
36.663	-69.670000,-73.040000,0.000000	67.830000,51.300000,0.000000	177.680000,-63.260000,0.000000
36.788	-83.930000,-72.510000,0.000000	69.750000,44.380000,0.000000	176.720000,-62.660000,0.000000
36.925	-95.970000,-71.430000,0.000000	70.690000,37.610000,0.000000	176.140000,-62.650000,0.000000
37.050	-105.610000,-70.680000,0.000000	72.170000,32.220000,0.000000	174.170000,-63.160000,0.000000
37.187	-114.020000,-69.630000,0.000000	73.410000,26.840000,0.000000	171.620000,-63.670000,0.000000
37.325	-122.320000,-69.020000,0.000000	74.300000,23.110000,0.000000	170.820000,-64.980000,0.000000
37.438	-128.970000,-68.740000,0.000000	75.660000,20.240000,0.000000	168.360000,-66.520000,0.000000
37.575	-133.630000,-68.300000,0.000000	77.400000,18.250000,0.000000	157.330000,-68.240000,0.000000
37.700	-137.200000,-68.430000,0.000000	78.490000,16.710000,0.000000	144.050000,-70.530000,0.000000
37.838	-139.210000,-68.010000,0.000000	80.090000,16.660000,0.000000	126.360000,-70.750000,0.000000
37.963	-140.830000,-68.400000,0.000000	80.620000,17.870000,0.000000	108.400000,-68.420000,0.000000
38.087	-137.870000,-68.490000,0.000000	82.870000,19.370000,0.000000	87.360000,-62.580000,0.000000
38.225	-135.000000,-69.390000,0.000000	83.380000,21.590000,0.000000	70.750000,-57.870000,0.000000
38.350	-132.380000,-69.720000,0.000000	84.010000,23.170000,0.000000	56.430000,-54.040000,0.000000
38.488	-130.570000,-70.280000,0.000000	84.780000,24.730000,0.000000	44.250000,-51.030000,0.000000
38.613	-128.600000,-70.870000,0.000000	85.160000,26.490000,0.000000	32.840000,-48.130000,0.000000
38.737	-126.640000,-71.480000,0.000000	85.720000,28.470000,0.000000	23.220000,-45.420000,0.000000
38.875	-125.230000,-71.870000,0.000000	86.310000,29.820000,0.000000	15.930000,-43.460000,0.000000
39.000	-122.130000,-72.130000,0.000000	86.510000,30.780000,0.000000	10.210000,-42.360000,0.000000
39.138	-120.070000,-72.090000,0.000000	86.210000,32.060000,0.000000	5.270000,-41.790000,0.000000
39.262	-118.850000,-72.990000,0.000000	85.810000,33.290000,0.000000	2.300000,-40.800000,0.000000
39.388	-116.700000,-72.920000,0.000000	85.090000,34.500000,0.000000	-0.150000,-40.240000,0.000000
39.525	-115.840000,-73.290000,0.000000	84.870000,35.830000,0.000000	-1.890000,-39.800000,0.000000
39.650	-114.710000,-73.560000,0.000000	85.090000,36.870000,0.000000	-3.410000,-39.720000,0.000000
39.788	-114.290000,-74.080000,0.000000	85.010000,37.890000,0.000000	-3.960000,-39.820000,0.000000
39.912	-112.370000,-74.460000,0.000000	85.050000,38.830000,0.000000	-4.130000,-39.890000,0.000000
40.038	-110.890000,-74.780000,0.000000	84.850000,39.710000,0.000000	-3.660000,-40.180000,0.000000
40.175	-107.780000,-75.010000,0.000000	84.540000,40.760000,0.000000	-2.730000,-40.620000,0.000000
40.300	-105.320000,-75.010000,0.000000	84.530000,41.460000,0.000000	-1.950000,-42.150000,0.000000
40.437	-102.420000,-74.970000,0.000000	84.690000,42.740000,0.000000	-0.990000,-43.740000,0.000000
40.563	-99.320000,-74.330000,0.000000	84.860000,43.470000,0.000000	-0.600000,-45.770000,0.000000
40.688	-92.250000,-74.620000,0.000000	83.590000,45.600000,0.000000	3.140000,-47.900000,0.000000
40.825	-86.230000,-74.300000,0.000000	82.980000,47.090000,0.000000	6.430000,-51.220000,0.000000
40.950	-80.390000,-74.440000,0.000000	80.010000,49.550000,0.000000	14.610000,-54.180000,0.000000
41.087	-75.550000,-74.050000,0.000000	78.300000,51.860000,0.000000	21.840000,-58.510000,0.000000
41.213	-69.040000,-73.660000,0.000000	75.700000,54.470000,0.000000	41.990000,-62.080000,0.000000
41.337	-63.770000,-73.010000,0.000000	71.940000,56.750000,0.000000	63.700000,-65.460000,0.000000
41.475	-57.160000,-71.690000,0.000000	66.740000,59.700000,0.000000	80.080000,-67.960000,0.000000
41.600	-50.830000,-70.330000,0.000000	60.420000,62.660000,0.000000	97.210000,-69.800000,0.000000
41.737	-45.070000,-68.240000,0.000000	54.120000,65.500000,0.000000	115.030000,-70.300000,0.000000
41.863	-38.840000,-66.080000,0.000000	45.390000,68.060000,0.000000	130.670000,-69.060000,0.000000
41.987	-33.780000,-63.490000,0.000000	35.850000,70.310000,0.000000	143.890000,-66.900000,0.000000
42.125	-29.010000,-61.280000,0.000000	26.020000,71.690000,0.000000	155.430000,-64.110000,0.000000
42.250	-25.080000,-58.940000,0.000000	15.820000,72.160000,0.000000	164.900000,-59.470000,0.000000
42.387	-22.150000,-56.140000,0.000000	7.010000,72.050000,0.000000	172.800000,-56.110000,0.000000
42.513	-19.860000,-53.170000,0.000000	-1.340000,71.290000,0.000000	180.010000,-52.260000,0.000000
42.637	-17.910000,-50.250000,0.000000	-8.570000,70.190000,0.000000	186.010000,-48.620000,0.000000
42.775	-15.860000,-48.130000,0.000000	-15.900000,68.800000,0.000000	189.640000,-42.960000,0.000000
42.900	-14.180000,-46.590000,0.000000	-22.440000,67.390000,0.000000	192.670000,-38.220000,0.000000
43.038	-13.110000,-44.900000,0.000000	-27.790000,66.000000,0.000000	195.220000,-34.540000,0.000000
43.162	-12.060000,-43.580000,0.000000	-31.650000,65.200000,0.000000	197.200000,-30.970000,0.000000
43.288	-12.110000,-42.520000,0.000000	-34.510000,64.420000,0.000000	197.980000,-27.830000,0.000000
43.425	-11.760000,-41.520000,0.000000	-37.220000,63.700000,0.000000	198.510000,-24.990000,0.000000
43.550	-12.200000,-40.700000,0.000000	-38.770000,62.960000,0.000000	199.440000,-23.200000,0.000000
43.687	-12.090000,-40.450000,0.000000	-40.420000,62.700000,0.000000	199.080000,-21.630000,0.000000
43.812	-12.990000,-40.370000,0.000000	-39.000000,63.320000,0.000000	199.580000,-21.310000,0.000000
43.938	-13.600000,-40.720000,0.000000	-38.550000,63.830000,0.000000	198.890000,-21.780000,0.000000
44.074	-13.570000,-41.590000,0.000000	-37.270000,64.690000,0.000000	197.850000,-20.850000,0.000000
44.200	-13.930000,-42.660000,0.000000	-35.100000,65.550000,0.000000	197.500000,-19.900000,0.000000
44.338	-13.200000,-43.500000,0.000000	-34.750000,65.850000,0.000000	196.850000,-20.260000,0.000000
44.463	-13.800000,-44.510000,0.000000	-32.530000,66.500000,0.000000	195.410000,-20.540000,0.000000
44.588	-14.590000,-45.130000,0.000000	-32.070000,66.610000,0.000000	194.530000,-21.250000,0.000000
44.725	-15.140000,-45.400000,0.000000	-31.990000,66.440000,0.000000	-177.860000,-21.700000,0.000000
44.850	-16.400000,-45.570000,0.000000	-30.650000,66.080000,0.000000	-176.360000,-22.600000,0.000000
44.987	-17.720000,-45.890000,0.000000	-29.750000,66.080000,0.000000	178.700000,-22.560000,0.000000
45.113	-17.770000,-45.850000,0.000000	-30.500000,65.480000,0.000000	180.070000,-22.110000,0.000000
45.250	-18.730000,-45.580000,0.000000	-29.420000,65.220000,0.000000	181.710000,-21.890000,0.000000
45.375	-20.100000,-45.550000,0.000000	-27.690000,64.920000,0.000000	181.690000,-21.840000,0.000000
45.500	-21.630000,-45.220000,0.000000	-25.490000,64.630000,0.000000	181.420000,-22.560000,0.000000
45.637	-22.870000,-45.560000,0.000000	-24.070000,64.890000,0.000000	-177.840000,-23.990000,0.000000
45.763	-22.090000,-45.630000,0.000000	-23.790000,65.520000,0.000000	-175.200000,-27.030000,0.000000
45.887	-19.490000,-46.410000,0.000000	-25.420000,66.530000,0.000000	177.420000,-28.940000,0.000000
46.025	-18.580000,-48.200000,0.000000	-17.130000,68.120000,0.000000	-171.590000,-30.240000,0.000000
46.150	-17.720000,-51.230000,0.000000	-5.190000,69.090000,0.000000	-169.760000,-32.510000,0.000000
46.287	-18.870000,-54.370000,0.000000	7.870000,68.890000,0.000000	-169.190000,-36.460000,0.000000
46.413	-21.640000,-58.620000,0.000000	20.470000,67.160000,0.000000	177.010000,-43.500000,0.000000
46.538	-25.650000,-62.890000,0.000000	30.270000,64.910000,0.000000	169.120000,-50.260000,0.000000
46.675	-33.910000,-66.810000,0.000000	40.840000,62.300000,0.000000	145.740000,-55.600000,0.000000
46.800	-47.640000,-70.580000,0.000000	50.060000,60.040000,0.000000	123.130000,-58.050000,0.000000
46.938	-58.680000,-72.320000,0.000000	59.780000,56.180000,0.000000	103.030000,-59.520000,0.000000
47.075	-71.870000,-74.430000,0.000000	67.140000,52.820000,0.000000	86.260000,-60.650000,0.000000
47.188	-83.300000,-76.780000,0.000000	73.970000,50.120000,0.000000	71.880000,-60.980000,0.000000
47.325	-92.870000,-78.350000,0.000000	79.740000,47.530000,0.000000	58.970000,-61.060000,0.000000
47.450	-100.350000,-79.290000,0.000000	84.930000,45.050000,0.000000	48.150000,-60.180000,0.000000
47.588	-110.140000,-80.960000,0.000000	88.890000,43.700000,0.000000	37.470000,-60.150000,0.000000
47.712	-115.960000,-81.860000,0.000000	92.470000,41.980000,0.000000	28.660000,-59.870000,0.000000
47.837	-121.300000,-82.400000,0.000000	94.920000,40.550000,0.000000	22.210000,-59.750000,0.000000
47.975	-125.540000,-83.130000,0.000000	97.310000,39.460000,0.000000	16.600000,-59.360000,0.000000
48.100	-129.640000,-84.170000,0.000000	98.910000,38.940000,0.000000	11.000000,-59.330000,0.000000
48.238	-133.070000,-85.010000,0.000000	100.380000,38.410000,0.000000	6.070000,-59.170000,0.000000
48.363	-133.150000,-84.980000,0.000000	101.540000,37.640000,0.000000	2.620000,-58.690000,0.000000
48.488	-134.920000,-85.090000,0.000000	101.310000,37.240000,0.000000	1.560000,-58.190000,0.000000
48.625	-135.620000,-84.910000,0.000000	101.690000,37.080000,0.000000	-0.420000,-57.900000,0.000000
48.750	-137.290000,-85.230000,0.000000	101.230000,37.110000,0.000000	-0.410000,-57.470000,0.000000
48.887	-138.400000,-85.210000,0.000000	100.440000,37.550000,0.000000	-1.120000,-57.110000,0.000000
49.013	-137.240000,-85.040000,0.000000	100.110000,37.570000,0.000000	-1.020000,-56.720000,0.000000
49.138	-135.150000,-84.940000,0.000000	99.150000,37.410000,0.000000	0.090000,-56.740000,0.000000
49.275	-134.060000,-84.590000,0.000000	98.520000,37.010000,0.000000	1.410000,-57.030000,0.000000
49.400	-132.660000,-84.630000,0.000000	96.990000,37.830000,0.000000	4.640000,-58.600000,0.000000
49.537	-128.620000,-84.390000,0.000000	95.950000,38.830000,0.000000	7.680000,-60.500000,0.000000
49.663	-119.690000,-83.930000,0.000000	94.690000,40.050000,0.000000	10.600000,-61.830000,0.000000
49.787	-110.200000,-83.290000,0.000000	93.950000,41.450000,0.000000	14.840000,-64.370000,0.000000
49.925	-99.890000,-82.750000,0.000000	91.950000,43.600000,0.000000	28.450000,-67.760000,0.000000
50.050	-89.220000,-81.840000,0.000000	90.440000,46.240000,0.000000	51.950000,-69.840000,0.000000
50.188	-79.430000,-80.390000,0.000000	87.270000,49.270000,0.000000	74.610000,-70.810000,0.000000
50.313	-68.850000,-78.050000,0.000000	80.600000,52.940000,0.000000	94.270000,-70.930000,0.000000
50.437	-59.770000,-74.310000,0.000000	71.560000,56.330000,0.000000	-171.700000,-69.920000,0.000000
50.575	-51.070000,-70.930000,0.000000	59.310000,59.830000,0.000000	179.480000,-69.060000,0.000000
50.700	-43.680000,-67.230000,0.000000	48.370000,62.080000,0.000000	182.430000,-68.150000,0.000000
50.838	-37.050000,-63.920000,0.000000	35.690000,63.570000,0.000000	184.030000,-68.690000,0.000000
50.962	-32.270000,-61.290000,0.000000	25.900000,65.130000,0.000000	183.210000,-67.780000,0.000000
51.088	-28.240000,-59.590000,0.000000	19.210000,66.200000,0.000000	185.000000,-67.120000,0.000000
51.225	-24.350000,-58.880000,0.000000	12.840000,67.730000,0.000000	186.330000,-65.620000,0.000000
51.362	-20.680000,-57.940000,0.000000	6.380000,68.790000,0.000000	187.860000,-64.080000,0.000000
51.488	-16.810000,-56.810000,0.000000	-0.180000,69.570000,0.000000	188.170000,-62.810000,0.000000
51.625	-14.230000,-56.190000,0.000000	-4.970000,70.170000,0.000000	-179.650000,-61.680000,0.000000
51.750	-11.990000,-55.520000,0.000000	-9.470000,70.550000,0.000000	174.020000,-60.760000,0.000000
51.875	-10.870000,-54.990000,0.000000	-12.610000,70.680000,0.000000	176.870000,-59.010000,0.000000
52.000	-9.370000,-54.110000,0.000000	-16.510000,70.380000,0.000000	178.220000,-58.160000,0.000000
52.138	-9.380000,-53.380000,0.000000	-18.060000,70.340000,0.000000	179.970000,-56.830000,0.000000
52.263	-9.060000,-52.890000,0.000000	-20.130000,70.150000,0.000000	181.540000,-55.780000,0.000000
52.388	-8.910000,-52.660000,0.000000	-22.010000,69.930000,0.000000	182.400000,-55.140000,0.000000
52.525	-8.990000,-52.830000,0.000000	-22.700000,69.800000,0.000000	183.000000,-54.220000,0.000000
52.650	-9.500000,-53.020000,0.000000	-21.900000,69.920000,0.000000	182.920000,-54.170000,0.000000
52.787	-10.350000,-53.540000,0.000000	-20.070000,69.920000,0.000000	182.170000,-53.950000,0.000000
52.913	-11.920000,-53.950000,0.000000	-16.880000,70.100000,0.000000	182.270000,-52.970000,0.000000
53.038	-12.390000,-54.410000,0.000000	-14.410000,70.640000,0.000000	183.170000,-52.640000,0.000000
53.175	-13.070000,-54.870000,0.000000	-9.860000,71.390000,0.000000	-179.050000,-53.020000,0.000000
53.300	-14.130000,-55.540000,0.000000	0.640000,71.230000,0.000000	-177.380000,-49.960000,0.000000
53.438	-14.780000,-58.220000,0.000000	12.880000,70.130000,0.000000	-176.170000,-46.850000,0.000000
53.563	-20.780000,-61.910000,0.000000	23.520000,66.940000,0.000000	-174.150000,-44.830000,0.000000
53.687	-32.420000,-65.280000,0.000000	33.990000,62.710000,0.000000	-173.200000,-43.110000,0.000000
53.838	-49.300000,-67.080000,0.000000	42.680000,57.010000,0.000000	176.920000,-44.630000,0.000000
53.950	-64.900000,-68.230000,0.000000	49.780000,50.660000,0.000000	177.950000,-47.440000,0.000000
54.087	-78.380000,-68.850000,0.000000	56.300000,45.140000,0.000000	178.120000,-50.260000,0.000000
54.213	-91.760000,-69.290000,0.000000	61.750000,39.670000,0.000000	179.080000,-53.640000,0.000000
54.338	-103.670000,-69.670000,0.000000	66.800000,35.520000,0.000000	177.650000,-57.900000,0.000000
54.475	-113.170000,-69.540000,0.000000	71.330000,31.080000,0.000000	174.470000,-61.550000,0.000000
54.600	-119.430000,-69.380000,0.000000	75.310000,27.890000,0.000000	169.630000,-63.760000,0.000000
54.737	-125.010000,-70.000000,0.000000	78.350000,25.460000,0.000000	169.130000,-66.450000,0.000000
54.862	-129.560000,-70.170000,0.000000	80.940000,23.580000,0.000000	170.620000,-68.950000,0.000000
54.988	-134.120000,-70.840000,0.000000	82.880000,22.360000,0.000000	172.240000,-71.140000,0.000000
55.125	-137.160000,-70.980000,0.000000	84.570000,21.200000,0.000000	171.740000,-72.760000,0.000000
55.250	-139.460000,-71.120000,0.000000	86.170000,20.430000,0.000000	171.970000,-74.310000,0.000000
55.388	-140.870000,-71.280000,0.000000	87.480000,20.030000,0.000000	172.080000,-75.550000,0.000000
55.512	-142.020000,-71.670000,0.000000	88.420000,20.050000,0.000000	171.700000,-76.780000,0.000000
55.638	-142.400000,-71.740000,0.000000	89.080000,20.120000,0.000000	171.120000,-77.860000,0.000000
55.775	-141.600000,-71.790000,0.000000	89.940000,20.440000,0.000000	170.520000,-78.600000,0.000000
55.900	-140.740000,-72.370000,0.000000	90.160000,21.320000,0.000000	171.860000,-79.120000,0.000000
56.038	-140.100000,-72.650000,0.000000	90.430000,21.750000,0.000000	170.980000,-79.450000,0.000000
56.163	-138.790000,-73.060000,0.000000	90.870000,22.650000,0.000000	172.080000,-79.930000,0.000000
56.287	-137.720000,-73.680000,0.000000	90.910000,23.810000,0.000000	170.600000,-79.840000,0.000000
56.424	-135.320000,-73.720000,0.000000	90.740000,24.630000,0.000000	171.490000,-80.030000,0.000000
56.550	-132.740000,-73.820000,0.000000	90.700000,25.450000,0.000000	-177.360000,-80.060000,0.000000
56.687	-129.780000,-73.940000,0.000000	90.610000,26.430000,0.000000	172.430000,-79.810000,0.000000
56.812	-129.700000,-74.410000,0.000000	89.970000,27.760000,0.000000	-174.350000,-79.380000,0.000000
56.938	-127.450000,-74.400000,0.000000	89.860000,28.790000,0.000000	177.460000,-79.070000,0.000000
57.075	-125.040000,-74.660000,0.000000	89.690000,30.090000,0.000000	177.810000,-78.940000,0.000000
57.200	-122.830000,-75.000000,0.000000	89.850000,31.210000,0.000000	177.010000,-78.660000,0.000000
57.337	-119.620000,-75.240000,0.000000	89.710000,32.310000,0.000000	177.000000,-78.300000,0.000000
57.462	-117.380000,-75.810000,0.000000	89.660000,33.540000,0.000000	175.560000,-77.890000,0.000000
57.600	-113.090000,-76.180000,0.000000	89.130000,35.220000,0.000000	175.430000,-77.420000,0.000000
57.725	-108.710000,-76.630000,0.000000	88.750000,36.650000,0.000000	-177.640000,-77.090000,0.000000
57.850	-104.680000,-76.390000,0.000000	88.600000,37.670000,0.000000	-177.030000,-77.030000,0.000000
57.988	-104.340000,-76.990000,0.000000	88.610000,38.480000,0.000000	169.880000,-76.060000,0.000000
58.113	-102.840000,-77.050000,0.000000	88.150000,38.890000,0.000000	168.380000,-74.880000,0.000000
58.237	-100.410000,-77.170000,0.000000	87.350000,39.890000,0.000000	167.930000,-73.580000,0.000000
58.374	-96.630000,-77.110000,0.000000	86.410000,41.000000,0.000000	166.130000,-71.620000,0.000000
58.500	-94.320000,-76.820000,0.000000	85.710000,41.720000,0.000000	166.090000,-69.480000,0.000000
58.638	-91.920000,-76.050000,0.000000	85.270000,42.380000,0.000000	166.700000,-63.400000,0.000000
58.763	-85.910000,-75.740000,0.000000	82.720000,45.530000,0.000000	165.640000,-62.010000,0.000000
58.888	-59.370000,-69.310000,0.000000	83.650000,48.130000,0.000000	156.060000,-47.110000,0.000000
59.025	-34.400000,-69.060000,0.000000	88.100000,51.230000,0.000000	-163.790000,-46.060000,0.000000
59.163	-21.270000,-69.940000,0.000000	86.510000,55.830000,0.000000	-165.190000,-47.040000,0.000000
59.288	-12.690000,-68.780000,0.000000	86.450000,60.160000,0.000000	-134.730000,-51.020000,0.000000
59.412	-11.510000,-69.170000,0.000000	87.530000,62.970000,0.000000	-138.430000,-55.470000,0.000000
59.538	-1.080000,-70.720000,0.000000	82.610000,67.080000,0.000000	-144.110000,-57.990000,0.000000
59.688	4.860000,-72.420000,0.000000	82.980000,70.050000,0.000000	-143.040000,-61.960000,0.000000
59.800	7.410000,-73.780000,0.000000	82.930000,73.240000,0.000000	-146.440000,-65.490000,0.000000
