time	pelvis_imu	femur_r_imu	tibia_r_imu
0.000	-16.060000,-67.270000,0.000000	20.500000,78.830000,0.000000	137.390000,-90.610000,0.000000
0.120	-15.840000,-67.200000,0.000000	19.750000,78.960000,0.000000	140.250000,-90.840000,0.000000
0.255	-15.610000,-67.190000,0.000000	19.730000,78.990000,0.000000	141.980000,-90.900000,0.000000
0.405	-15.610000,-67.300000,0.000000	19.810000,79.070000,0.000000	142.600000,-90.940000,0.000000
0.510	-15.820000,-67.410000,0.000000	20.370000,79.080000,0.000000	145.660000,-90.870000,0.000000
0.645	-16.080000,-67.440000,0.000000	20.080000,79.110000,0.000000	145.150000,-90.740000,0.000000
0.780	-16.240000,-67.410000,0.000000	20.470000,78.910000,0.000000	143.860000,-90.530000,0.000000
0.900	-15.920000,-67.390000,0.000000	19.690000,78.790000,0.000000	143.390000,-90.350000,0.000000
1.050	-16.120000,-67.430000,0.000000	20.220000,78.610000,0.000000	138.860000,-90.190000,0.000000
1.170	-16.500000,-67.470000,0.000000	21.300000,78.370000,0.000000	134.950000,-90.060000,0.000000
1.290	-17.000000,-67.380000,0.000000	21.300000,78.280000,0.000000	130.520000,-89.880000,0.000000
1.425	-17.620000,-67.640000,0.000000	21.880000,78.060000,0.000000	131.200000,-89.730000,0.000000
1.560	-17.910000,-67.570000,0.000000	22.400000,77.900000,0.000000	125.790000,-89.710000,0.000000
1.680	-18.130000,-67.760000,0.000000	23.340000,77.660000,0.000000	125.610000,-89.630000,0.000000
1.815	-18.400000,-67.730000,0.000000	24.390000,77.530000,0.000000	123.670000,-89.530000,0.000000
1.950	-18.130000,-67.820000,0.000000	24.240000,77.520000,0.000000	127.990000,-89.320000,0.000000
2.070	-17.930000,-67.960000,0.000000	25.020000,77.460000,0.000000	130.670000,-89.040000,0.000000
2.204	-18.500000,-68.000000,0.000000	26.570000,77.310000,0.000000	127.700000,-88.940000,0.000000
2.340	-18.820000,-68.070000,0.000000	26.920000,77.200000,0.000000	125.290000,-88.890000,0.000000
2.460	-18.940000,-68.150000,0.000000	28.460000,77.190000,0.000000	114.450000,-88.920000,0.000000
2.595	-19.170000,-68.390000,0.000000	29.750000,77.200000,0.000000	118.090000,-88.810000,0.000000
2.745	-19.070000,-68.480000,0.000000	29.560000,77.290000,0.000000	121.920000,-88.690000,0.000000
2.850	-19.040000,-68.560000,0.000000	30.470000,77.170000,0.000000	119.700000,-88.550000,0.000000
2.985	-18.910000,-68.570000,0.000000	31.130000,77.120000,0.000000	122.920000,-88.490000,0.000000
3.120	-18.790000,-68.520000,0.000000	31.320000,77.080000,0.000000	123.880000,-88.400000,0.000000
3.240	-18.440000,-68.500000,0.000000	30.890000,77.000000,0.000000	128.200000,-88.320000,0.000000
3.375	-18.550000,-68.360000,0.000000	30.900000,76.910000,0.000000	125.240000,-88.220000,0.000000
3.510	-18.530000,-68.300000,0.000000	30.790000,76.800000,0.000000	127.980000,-88.030000,0.000000
3.660	-18.960000,-68.370000,0.000000	30.720000,76.630000,0.000000	129.960000,-87.740000,0.000000
3.765	-19.310000,-68.290000,0.000000	30.140000,76.600000,0.000000	129.200000,-87.770000,0.000000
3.900	-19.750000,-68.330000,0.000000	30.760000,76.610000,0.000000	128.240000,-87.790000,0.000000
4.020	-20.020000,-68.340000,0.000000	31.220000,76.590000,0.000000	130.560000,-87.820000,0.000000
4.155	-20.050000,-68.290000,0.000000	30.550000,76.750000,0.000000	134.680000,-87.750000,0.000000
4.290	-19.670000,-68.130000,0.000000	30.580000,76.850000,0.000000	137.500000,-87.700000,0.000000
4.410	-19.790000,-68.060000,0.000000	30.800000,76.840000,0.000000	137.010000,-87.700000,0.000000
4.560	-20.120000,-67.990000,0.000000	31.050000,76.720000,0.000000	138.440000,-87.580000,0.000000
4.680	-20.030000,-68.060000,0.000000	31.420000,76.750000,0.000000	138.420000,-87.630000,0.000000
4.800	-20.030000,-68.050000,0.000000	31.620000,76.740000,0.000000	139.170000,-87.550000,0.000000
4.935	-19.990000,-67.980000,0.000000	31.400000,76.750000,0.000000	138.010000,-87.470000,0.000000
5.070	-19.890000,-67.930000,0.000000	31.280000,76.720000,0.000000	138.050000,-87.410000,0.000000
5.190	-19.710000,-68.070000,0.000000	31.380000,76.020000,0.000000	122.090000,-87.510000,0.000000
5.325	-20.420000,-68.070000,0.000000	32.380000,75.910000,0.000000	128.680000,-85.760000,0.000000
5.490	-21.370000,-67.920000,0.000000	32.980000,75.790000,0.000000	128.450000,-85.960000,0.000000
5.580	-21.580000,-67.740000,0.000000	33.200000,75.620000,0.000000	128.270000,-85.940000,0.000000
5.715	-20.090000,-67.910000,0.000000	27.580000,75.660000,0.000000	119.600000,-84.840000,0.000000
5.850	-24.850000,-67.970000,0.000000	31.030000,74.470000,0.000000	-178.470000,-83.970000,0.000000
5.970	-25.560000,-67.430000,0.000000	32.320000,74.060000,0.000000	-178.940000,-83.790000,0.000000
6.105	-23.920000,-67.710000,0.000000	33.810000,74.830000,0.000000	-179.590000,-83.590000,0.000000
6.240	-22.190000,-68.530000,0.000000	38.250000,75.450000,0.000000	-175.900000,-83.160000,0.000000
6.360	-19.790000,-69.310000,0.000000	41.520000,76.210000,0.000000	-172.620000,-82.800000,0.000000
6.495	-17.040000,-69.870000,0.000000	45.500000,76.820000,0.000000	-170.030000,-82.160000,0.000000
6.630	-13.830000,-70.440000,0.000000	47.450000,77.320000,0.000000	-166.340000,-81.750000,0.000000
6.750	-14.000000,-70.830000,0.000000	50.610000,77.270000,0.000000	169.340000,-81.290000,0.000000
6.899	-11.620000,-70.490000,0.000000	48.020000,77.770000,0.000000	171.190000,-80.940000,0.000000
7.020	-12.180000,-70.270000,0.000000	49.560000,77.740000,0.000000	172.600000,-81.450000,0.000000
7.140	-12.890000,-70.110000,0.000000	49.530000,77.190000,0.000000	172.000000,-81.040000,0.000000
7.274	-13.720000,-70.090000,0.000000	50.990000,76.490000,0.000000	170.300000,-80.440000,0.000000
7.410	-15.110000,-70.310000,0.000000	52.800000,75.320000,0.000000	169.760000,-78.770000,0.000000
7.530	-16.160000,-71.290000,0.000000	54.370000,74.000000,0.000000	171.550000,-76.870000,0.000000
7.665	-17.620000,-72.060000,0.000000	57.980000,72.330000,0.000000	170.440000,-75.520000,0.000000
7.800	-21.670000,-73.130000,0.000000	61.250000,69.930000,0.000000	170.600000,-74.010000,0.000000
7.920	-26.820000,-74.360000,0.000000	64.240000,67.100000,0.000000	170.280000,-72.920000,0.000000
8.054	-34.260000,-75.610000,0.000000	67.170000,63.860000,0.000000	169.530000,-71.980000,0.000000
8.190	-41.650000,-76.500000,0.000000	69.220000,61.310000,0.000000	168.800000,-69.270000,0.000000
8.340	-50.930000,-77.180000,0.000000	71.530000,57.880000,0.000000	169.170000,-68.680000,0.000000
8.445	-58.810000,-77.990000,0.000000	73.260000,55.240000,0.000000	168.120000,-68.670000,0.000000
8.580	-66.120000,-78.350000,0.000000	74.990000,52.420000,0.000000	166.780000,-69.010000,0.000000
8.700	-71.620000,-78.630000,0.000000	76.360000,50.210000,0.000000	165.270000,-69.960000,0.000000
8.850	-78.250000,-78.850000,0.000000	76.930000,47.580000,0.000000	163.350000,-71.110000,0.000000
8.970	-84.350000,-79.070000,0.000000	77.330000,45.430000,0.000000	158.220000,-72.110000,0.000000
9.090	-90.800000,-78.950000,0.000000	77.520000,43.060000,0.000000	152.750000,-73.190000,0.000000
9.240	-96.790000,-78.900000,0.000000	77.620000,41.060000,0.000000	144.310000,-73.270000,0.000000
9.360	-100.680000,-78.790000,0.000000	77.630000,39.310000,0.000000	133.440000,-74.580000,0.000000
9.481	-104.070000,-78.570000,0.000000	77.610000,37.410000,0.000000	123.910000,-75.610000,0.000000
9.616	-107.300000,-78.700000,0.000000	77.280000,36.200000,0.000000	114.030000,-76.290000,0.000000
9.750	-110.490000,-78.500000,0.000000	76.930000,35.360000,0.000000	101.520000,-76.250000,0.000000
9.870	-113.390000,-78.410000,0.000000	76.870000,34.990000,0.000000	87.590000,-75.940000,0.000000
10.005	-113.780000,-78.290000,0.000000	76.690000,34.710000,0.000000	75.060000,-74.200000,0.000000
10.140	-113.670000,-78.140000,0.000000	76.320000,34.520000,0.000000	64.500000,-72.550000,0.000000
10.261	-115.160000,-77.960000,0.000000	76.280000,34.260000,0.000000	54.780000,-70.870000,0.000000
10.396	-116.220000,-78.020000,0.000000	76.390000,34.390000,0.000000	46.540000,-69.580000,0.000000
10.530	-116.740000,-77.890000,0.000000	76.490000,34.570000,0.000000	40.280000,-68.820000,0.000000
10.651	-116.060000,-77.820000,0.000000	76.220000,34.890000,0.000000	35.430000,-68.770000,0.000000
10.785	-114.020000,-77.730000,0.000000	76.140000,35.700000,0.000000	31.990000,-68.830000,0.000000
10.920	-110.380000,-77.880000,0.000000	75.960000,37.050000,0.000000	30.400000,-69.450000,0.000000
11.055	-104.800000,-77.950000,0.000000	76.100000,38.440000,0.000000	31.130000,-70.470000,0.000000
11.175	-100.160000,-77.770000,0.000000	75.920000,40.600000,0.000000	32.070000,-71.280000,0.000000
11.311	-93.750000,-77.460000,0.000000	75.780000,42.590000,0.000000	36.510000,-72.840000,0.000000
11.430	-86.900000,-77.150000,0.000000	75.090000,44.810000,0.000000	44.370000,-73.910000,0.000000
11.565	-81.650000,-76.600000,0.000000	74.050000,47.030000,0.000000	54.550000,-75.260000,0.000000
11.700	-75.080000,-76.400000,0.000000	73.250000,49.490000,0.000000	68.290000,-76.720000,0.000000
11.820	-69.310000,-75.980000,0.000000	72.680000,51.680000,0.000000	81.620000,-77.570000,0.000000
11.955	-62.120000,-75.600000,0.000000	71.100000,54.300000,0.000000	93.630000,-78.290000,0.000000
12.091	-56.490000,-75.350000,0.000000	69.740000,56.450000,0.000000	104.070000,-79.360000,0.000000
12.209	-52.310000,-75.040000,0.000000	69.020000,58.360000,0.000000	114.380000,-80.010000,0.000000
12.345	-47.920000,-74.640000,0.000000	67.830000,59.980000,0.000000	124.330000,-80.390000,0.000000
12.495	-44.500000,-74.530000,0.000000	66.670000,61.500000,0.000000	132.670000,-80.860000,0.000000
12.615	-41.360000,-74.430000,0.000000	66.310000,62.610000,0.000000	135.800000,-81.990000,0.000000
12.736	-39.740000,-74.430000,0.000000	66.600000,63.110000,0.000000	131.490000,-83.030000,0.000000
12.870	-38.650000,-74.800000,0.000000	67.200000,63.300000,0.000000	125.500000,-83.800000,0.000000
12.991	-39.360000,-75.380000,0.000000	68.170000,62.640000,0.000000	118.040000,-84.470000,0.000000
13.125	-43.560000,-76.080000,0.000000	69.040000,61.570000,0.000000	109.270000,-84.620000,0.000000
13.276	-48.150000,-76.920000,0.000000	69.430000,60.030000,0.000000	98.010000,-82.690000,0.000000
13.380	-55.620000,-77.250000,0.000000	70.420000,58.040000,0.000000	87.030000,-79.790000,0.000000
13.515	-62.600000,-77.480000,0.000000	70.380000,56.120000,0.000000	76.730000,-76.090000,0.000000
13.651	-70.920000,-77.610000,0.000000	70.470000,54.160000,0.000000	68.080000,-72.450000,0.000000
13.770	-78.810000,-77.360000,0.000000	71.040000,51.350000,0.000000	59.530000,-68.340000,0.000000
13.906	-86.470000,-77.180000,0.000000	71.960000,49.370000,0.000000	50.650000,-63.810000,0.000000
14.040	-93.990000,-77.260000,0.000000	72.380000,47.650000,0.000000	42.810000,-59.700000,0.000000
14.160	-100.280000,-77.290000,0.000000	72.840000,45.920000,0.000000	37.730000,-56.220000,0.000000
14.295	-105.500000,-77.390000,0.000000	73.150000,44.750000,0.000000	32.600000,-53.230000,0.000000
14.431	-110.160000,-77.260000,0.000000	73.520000,43.360000,0.000000	29.490000,-51.180000,0.000000
14.551	-113.140000,-77.400000,0.000000	73.560000,42.680000,0.000000	26.060000,-51.370000,0.000000
14.685	-112.790000,-77.450000,0.000000	74.060000,42.480000,0.000000	24.860000,-51.460000,0.000000
14.821	-111.530000,-77.660000,0.000000	74.270000,42.420000,0.000000	26.680000,-54.370000,0.000000
14.940	-109.320000,-77.660000,0.000000	75.100000,42.570000,0.000000	43.620000,-55.070000,0.000000
15.090	-107.250000,-78.010000,0.000000	74.600000,42.960000,0.000000	63.440000,-57.240000,0.000000
15.211	-102.520000,-78.260000,0.000000	74.530000,44.200000,0.000000	81.220000,-58.040000,0.000000
15.331	-96.910000,-78.060000,0.000000	75.110000,44.780000,0.000000	98.610000,-57.650000,0.000000
15.465	-90.730000,-78.250000,0.000000	75.760000,45.890000,0.000000	-179.360000,-55.710000,0.000000
15.599	-86.680000,-78.190000,0.000000	76.010000,46.800000,0.000000	-176.310000,-52.590000,0.000000
15.721	-82.870000,-78.190000,0.000000	75.770000,47.630000,0.000000	-173.490000,-50.050000,0.000000
15.855	-79.930000,-77.860000,0.000000	75.410000,48.140000,0.000000	-171.520000,-47.180000,0.000000
16.005	-76.860000,-77.730000,0.000000	75.190000,48.550000,0.000000	-169.640000,-44.480000,0.000000
16.110	-74.610000,-77.860000,0.000000	74.580000,48.920000,0.000000	-168.260000,-42.170000,0.000000
16.246	-73.350000,-77.950000,0.000000	74.540000,49.030000,0.000000	-167.220000,-40.460000,0.000000
16.381	-72.460000,-78.120000,0.000000	74.570000,49.090000,0.000000	-166.140000,-38.770000,0.000000
16.500	-70.950000,-78.250000,0.000000	74.630000,49.340000,0.000000	-165.870000,-38.260000,0.000000
16.636	-69.360000,-78.330000,0.000000	74.670000,49.780000,0.000000	-165.940000,-38.550000,0.000000
16.770	-68.490000,-78.680000,0.000000	74.720000,49.810000,0.000000	-165.940000,-40.610000,0.000000
16.906	-68.740000,-78.650000,0.000000	74.560000,49.910000,0.000000	177.230000,-44.170000,0.000000
17.024	-68.570000,-78.950000,0.000000	74.950000,49.840000,0.000000	176.090000,-49.380000,0.000000
17.175	-70.050000,-78.910000,0.000000	74.840000,49.480000,0.000000	157.610000,-54.450000,0.000000
17.280	-73.100000,-78.650000,0.000000	74.600000,48.920000,0.000000	138.980000,-56.430000,0.000000
17.415	-78.180000,-78.380000,0.000000	74.120000,47.580000,0.000000	121.250000,-58.670000,0.000000
17.550	-84.860000,-78.120000,0.000000	72.790000,45.850000,0.000000	106.590000,-59.050000,0.000000
17.685	-90.200000,-77.690000,0.000000	72.760000,44.410000,0.000000	91.480000,-56.920000,0.000000
17.805	-95.710000,-77.440000,0.000000	72.500000,43.220000,0.000000	77.930000,-54.570000,0.000000
17.955	-100.780000,-76.790000,0.000000	72.200000,41.860000,0.000000	66.640000,-52.700000,0.000000
18.075	-104.830000,-76.600000,0.000000	71.700000,40.920000,0.000000	56.850000,-51.180000,0.000000
18.195	-107.850000,-76.190000,0.000000	71.380000,39.830000,0.000000	47.930000,-49.510000,0.000000
18.331	-110.120000,-75.840000,0.000000	71.510000,39.040000,0.000000	41.220000,-49.110000,0.000000
18.451	-112.020000,-75.760000,0.000000	71.970000,38.920000,0.000000	37.320000,-49.050000,0.000000
18.584	-112.950000,-75.550000,0.000000	72.750000,38.890000,0.000000	32.590000,-51.060000,0.000000
18.720	-111.710000,-75.660000,0.000000	72.570000,38.440000,0.000000	32.040000,-54.300000,0.000000
18.840	-109.450000,-75.860000,0.000000	73.130000,39.120000,0.000000	31.090000,-57.660000,0.000000
18.976	-107.600000,-76.300000,0.000000	73.420000,39.690000,0.000000	35.450000,-61.420000,0.000000
19.110	-106.550000,-76.690000,0.000000	74.200000,40.670000,0.000000	45.350000,-65.550000,0.000000
19.230	-104.300000,-76.970000,0.000000	74.240000,41.340000,0.000000	57.000000,-68.800000,0.000000
19.366	-101.590000,-77.200000,0.000000	74.330000,42.260000,0.000000	69.400000,-71.330000,0.000000
19.500	-98.370000,-77.350000,0.000000	74.580000,43.240000,0.000000	83.330000,-72.980000,0.000000
19.620	-95.450000,-77.390000,0.000000	74.590000,43.980000,0.000000	97.580000,-74.200000,0.000000
19.755	-91.830000,-77.480000,0.000000	74.860000,44.750000,0.000000	110.780000,-74.520000,0.000000
19.890	-88.180000,-77.540000,0.000000	74.870000,45.520000,0.000000	123.620000,-73.940000,0.000000
20.025	-84.950000,-77.710000,0.000000	75.080000,46.410000,0.000000	135.300000,-73.250000,0.000000
20.145	-81.970000,-77.850000,0.000000	75.090000,47.210000,0.000000	145.820000,-72.290000,0.000000
20.280	-79.850000,-77.810000,0.000000	75.250000,47.670000,0.000000	155.180000,-71.310000,0.000000
20.400	-78.230000,-77.730000,0.000000	75.550000,48.080000,0.000000	-178.760000,-70.510000,0.000000
20.535	-76.040000,-77.850000,0.000000	75.660000,48.470000,0.000000	-174.620000,-69.530000,0.000000
20.670	-73.760000,-77.960000,0.000000	75.730000,48.970000,0.000000	-171.520000,-69.400000,0.000000
20.790	-72.120000,-78.130000,0.000000	76.090000,49.330000,0.000000	174.110000,-69.740000,0.000000
20.925	-71.770000,-78.160000,0.000000	76.330000,49.370000,0.000000	177.440000,-70.630000,0.000000
21.061	-71.480000,-78.200000,0.000000	76.040000,49.300000,0.000000	180.640000,-71.960000,0.000000
21.181	-72.300000,-78.370000,0.000000	76.270000,49.530000,0.000000	179.770000,-73.760000,0.000000
21.315	-71.870000,-78.580000,0.000000	76.580000,49.540000,0.000000	172.590000,-75.770000,0.000000
21.451	-72.630000,-78.640000,0.000000	76.330000,49.370000,0.000000	158.250000,-78.060000,0.000000
21.570	-74.120000,-78.490000,0.000000	76.370000,49.070000,0.000000	144.150000,-78.900000,0.000000
21.706	-75.890000,-78.510000,0.000000	76.770000,48.790000,0.000000	130.220000,-79.710000,0.000000
21.840	-74.970000,-78.420000,0.000000	77.340000,49.040000,0.000000	115.090000,-79.610000,0.000000
21.960	-76.040000,-78.400000,0.000000	77.190000,48.790000,0.000000	100.510000,-79.210000,0.000000
22.094	-77.360000,-78.490000,0.000000	77.020000,48.350000,0.000000	88.150000,-78.260000,0.000000
22.230	-79.790000,-78.480000,0.000000	76.990000,48.150000,0.000000	77.000000,-77.010000,0.000000
22.350	-81.340000,-78.440000,0.000000	77.020000,47.750000,0.000000	66.550000,-75.220000,0.000000
22.485	-83.230000,-78.620000,0.000000	76.820000,47.260000,0.000000	56.990000,-73.440000,0.000000
22.620	-86.270000,-78.480000,0.000000	76.290000,46.370000,0.000000	50.290000,-70.930000,0.000000
22.740	-88.790000,-78.470000,0.000000	76.370000,45.820000,0.000000	42.650000,-68.100000,0.000000
22.876	-91.320000,-78.370000,0.000000	76.600000,45.440000,0.000000	35.700000,-64.830000,0.000000
23.010	-94.210000,-78.790000,0.000000	77.010000,44.610000,0.000000	29.200000,-62.190000,0.000000
23.130	-99.170000,-78.360000,0.000000	76.820000,43.070000,0.000000	26.230000,-58.820000,0.000000
23.266	-102.730000,-78.370000,0.000000	76.400000,42.390000,0.000000	21.710000,-56.480000,0.000000
23.400	-106.730000,-78.190000,0.000000	76.300000,41.270000,0.000000	18.680000,-54.150000,0.000000
23.520	-110.080000,-77.780000,0.000000	76.060000,40.110000,0.000000	18.490000,-51.870000,0.000000
23.655	-112.080000,-77.470000,0.000000	75.880000,39.650000,0.000000	17.060000,-50.530000,0.000000
23.791	-114.070000,-77.710000,0.000000	75.900000,39.420000,0.000000	16.220000,-49.890000,0.000000
23.910	-114.830000,-77.700000,0.000000	75.980000,38.650000,0.000000	17.310000,-49.290000,0.000000
24.045	-115.560000,-77.490000,0.000000	75.970000,38.700000,0.000000	17.820000,-48.870000,0.000000
24.180	-116.780000,-77.660000,0.000000	76.380000,38.940000,0.000000	18.610000,-49.270000,0.000000
24.300	-115.900000,-77.940000,0.000000	76.270000,39.110000,0.000000	19.570000,-50.360000,0.000000
24.450	-115.870000,-77.950000,0.000000	76.470000,39.290000,0.000000	22.610000,-51.570000,0.000000
24.570	-114.260000,-78.200000,0.000000	76.640000,39.700000,0.000000	23.750000,-53.860000,0.000000
24.705	-112.710000,-78.400000,0.000000	76.880000,40.180000,0.000000	27.740000,-55.750000,0.000000
24.825	-111.390000,-78.280000,0.000000	76.850000,40.600000,0.000000	30.640000,-58.820000,0.000000
24.960	-109.220000,-78.390000,0.000000	77.150000,41.430000,0.000000	35.600000,-61.810000,0.000000
25.081	-105.700000,-78.610000,0.000000	77.510000,42.480000,0.000000	42.540000,-64.900000,0.000000
25.215	-101.440000,-78.600000,0.000000	78.020000,43.290000,0.000000	52.330000,-68.210000,0.000000
25.351	-95.810000,-78.590000,0.000000	78.150000,44.750000,0.000000	60.650000,-70.640000,0.000000
25.470	-89.240000,-78.360000,0.000000	78.020000,46.570000,0.000000	69.600000,-72.940000,0.000000
25.605	-82.710000,-78.170000,0.000000	77.440000,48.270000,0.000000	84.500000,-75.370000,0.000000
25.740	-75.730000,-77.880000,0.000000	76.850000,50.350000,0.000000	94.670000,-77.310000,0.000000
25.860	-68.640000,-77.430000,0.000000	76.040000,52.780000,0.000000	107.620000,-78.680000,0.000000
25.995	-61.980000,-76.830000,0.000000	74.650000,54.870000,0.000000	121.170000,-79.540000,0.000000
26.131	-55.430000,-76.380000,0.000000	72.200000,57.370000,0.000000	130.310000,-80.500000,0.000000
26.250	-48.460000,-75.460000,0.000000	69.370000,59.870000,0.000000	133.070000,-81.840000,0.000000
26.386	-43.570000,-74.670000,0.000000	66.980000,61.840000,0.000000	-171.870000,-82.580000,0.000000
26.521	-38.410000,-73.980000,0.000000	64.010000,63.800000,0.000000	155.450000,-83.320000,0.000000
26.640	-34.110000,-73.410000,0.000000	61.570000,65.430000,0.000000	161.370000,-83.890000,0.000000
26.776	-29.880000,-72.850000,0.000000	59.430000,66.870000,0.000000	166.560000,-84.340000,0.000000
26.925	-26.190000,-72.420000,0.000000	57.720000,68.150000,0.000000	170.970000,-84.470000,0.000000
27.030	-23.560000,-72.100000,0.000000	56.570000,69.270000,0.000000	175.670000,-84.520000,0.000000
27.166	-21.770000,-71.800000,0.000000	55.640000,70.040000,0.000000	177.950000,-84.830000,0.000000
27.300	-20.430000,-71.540000,0.000000	55.130000,70.430000,0.000000	178.000000,-85.450000,0.000000
27.420	-20.860000,-71.630000,0.000000	55.650000,70.290000,0.000000	-173.830000,-85.330000,0.000000
27.555	-20.760000,-71.780000,0.000000	57.170000,69.850000,0.000000	170.800000,-84.950000,0.000000
27.690	-21.840000,-72.100000,0.000000	59.050000,69.030000,0.000000	175.780000,-84.780000,0.000000
27.810	-23.830000,-73.030000,0.000000	61.510000,67.670000,0.000000	178.640000,-84.640000,0.000000
27.945	-28.420000,-74.420000,0.000000	63.630000,65.950000,0.000000	181.800000,-84.490000,0.000000
28.080	-33.120000,-75.450000,0.000000	65.010000,63.390000,0.000000	177.030000,-85.060000,0.000000
28.200	-38.910000,-76.590000,0.000000	66.010000,61.020000,0.000000	159.810000,-85.170000,0.000000
28.336	-47.050000,-77.460000,0.000000	67.660000,58.400000,0.000000	139.770000,-83.560000,0.000000
28.470	-54.080000,-78.030000,0.000000	68.720000,56.360000,0.000000	122.690000,-79.660000,0.000000
28.606	-62.340000,-78.900000,0.000000	69.860000,54.470000,0.000000	106.210000,-75.440000,0.000000
28.725	-71.500000,-79.520000,0.000000	71.080000,52.540000,0.000000	90.590000,-70.670000,0.000000
28.860	-81.160000,-79.630000,0.000000	72.490000,50.300000,0.000000	76.700000,-65.380000,0.000000
28.981	-89.140000,-79.740000,0.000000	73.330000,48.380000,0.000000	63.990000,-60.010000,0.000000
29.115	-95.630000,-79.540000,0.000000	74.030000,46.280000,0.000000	53.230000,-55.410000,0.000000
29.251	-100.210000,-80.020000,0.000000	74.450000,45.070000,0.000000	44.510000,-51.520000,0.000000
29.370	-105.330000,-80.160000,0.000000	75.380000,43.960000,0.000000	35.240000,-48.490000,0.000000
29.505	-109.590000,-80.450000,0.000000	76.240000,42.870000,0.000000	28.350000,-46.630000,0.000000
29.640	-113.750000,-80.380000,0.000000	76.640000,42.280000,0.000000	24.030000,-45.410000,0.000000
29.761	-115.130000,-80.240000,0.000000	77.370000,41.540000,0.000000	19.330000,-44.830000,0.000000
29.910	-115.160000,-80.510000,0.000000	77.300000,41.080000,0.000000	17.100000,-46.910000,0.000000
30.031	-113.430000,-80.310000,0.000000	77.640000,41.270000,0.000000	15.060000,-48.960000,0.000000
30.151	-110.980000,-80.190000,0.000000	78.770000,41.900000,0.000000	15.750000,-51.850000,0.000000
30.285	-107.010000,-80.370000,0.000000	78.790000,43.100000,0.000000	18.380000,-56.630000,0.000000
30.420	-100.990000,-80.420000,0.000000	78.470000,44.100000,0.000000	24.840000,-61.450000,0.000000
30.540	-95.670000,-80.130000,0.000000	78.550000,45.580000,0.000000	41.410000,-65.160000,0.000000
30.691	-87.430000,-79.830000,0.000000	78.230000,47.490000,0.000000	59.240000,-68.460000,0.000000
30.810	-80.220000,-79.330000,0.000000	77.460000,49.540000,0.000000	78.730000,-70.920000,0.000000
30.945	-72.420000,-79.010000,0.000000	76.260000,51.710000,0.000000	94.630000,-73.160000,0.000000
31.066	-66.080000,-78.590000,0.000000	75.010000,53.530000,0.000000	-179.510000,-74.440000,0.000000
31.200	-60.060000,-77.830000,0.000000	73.520000,55.380000,0.000000	-177.370000,-75.090000,0.000000
31.321	-54.190000,-77.150000,0.000000	71.710000,57.300000,0.000000	173.320000,-75.880000,0.000000
31.470	-48.460000,-76.410000,0.000000	69.740000,59.070000,0.000000	175.880000,-76.480000,0.000000
31.591	-43.110000,-75.770000,0.000000	67.390000,60.840000,0.000000	-172.310000,-78.360000,0.000000
31.710	-39.090000,-75.160000,0.000000	65.660000,62.310000,0.000000	176.940000,-78.590000,0.000000
31.876	-34.940000,-74.430000,0.000000	63.030000,63.960000,0.000000	179.380000,-78.760000,0.000000
31.980	-30.960000,-73.720000,0.000000	61.230000,65.360000,0.000000	181.080000,-79.160000,0.000000
32.099	-28.030000,-73.120000,0.000000	59.360000,66.470000,0.000000	182.540000,-79.280000,0.000000
32.249	-25.140000,-72.620000,0.000000	57.990000,67.570000,0.000000	183.730000,-79.490000,0.000000
32.371	-22.910000,-72.290000,0.000000	56.690000,68.350000,0.000000	184.490000,-79.580000,0.000000
32.490	-21.160000,-72.000000,0.000000	55.500000,69.080000,0.000000	185.330000,-79.650000,0.000000
32.625	-19.720000,-71.730000,0.000000	54.200000,69.610000,0.000000	-179.190000,-79.510000,0.000000
32.760	-18.730000,-71.450000,0.000000	53.460000,70.080000,0.000000	177.090000,-79.290000,0.000000
32.880	-17.620000,-71.130000,0.000000	52.700000,70.570000,0.000000	178.720000,-79.220000,0.000000
33.016	-16.970000,-70.980000,0.000000	52.660000,70.790000,0.000000	180.370000,-79.340000,0.000000
33.151	-15.810000,-70.840000,0.000000	52.350000,70.900000,0.000000	180.990000,-80.210000,0.000000
33.271	-15.570000,-70.900000,0.000000	53.540000,70.670000,0.000000	-175.360000,-79.800000,0.000000
33.405	-16.620000,-71.450000,0.000000	55.690000,69.810000,0.000000	-173.430000,-77.610000,0.000000
33.570	-18.130000,-72.080000,0.000000	57.500000,68.410000,0.000000	-172.090000,-75.590000,0.000000
33.660	-19.860000,-73.240000,0.000000	60.810000,66.400000,0.000000	-169.890000,-72.200000,0.000000
33.795	-24.800000,-74.470000,0.000000	62.830000,63.650000,0.000000	-166.800000,-69.500000,0.000000
33.930	-32.060000,-75.440000,0.000000	64.300000,60.630000,0.000000	-164.470000,-66.760000,0.000000
34.066	-39.730000,-76.560000,0.000000	65.480000,57.720000,0.000000	-164.520000,-65.540000,0.000000
34.185	-48.790000,-77.200000,0.000000	67.160000,54.330000,0.000000	-163.120000,-65.210000,0.000000
34.321	-59.050000,-77.640000,0.000000	68.340000,50.770000,0.000000	-161.400000,-65.020000,0.000000
34.440	-67.260000,-78.240000,0.000000	68.610000,48.240000,0.000000	179.000000,-67.110000,0.000000
34.575	-75.030000,-78.440000,0.000000	69.040000,45.360000,0.000000	153.810000,-70.230000,0.000000
34.710	-84.680000,-78.640000,0.000000	69.270000,42.700000,0.000000	137.170000,-71.530000,0.000000
34.831	-90.410000,-78.400000,0.000000	69.680000,40.500000,0.000000	115.950000,-70.340000,0.000000
34.966	-96.290000,-78.640000,0.000000	70.100000,39.030000,0.000000	99.480000,-67.490000,0.000000
35.100	-101.990000,-78.510000,0.000000	70.560000,37.780000,0.000000	84.640000,-63.170000,0.000000
35.221	-106.290000,-78.600000,0.000000	71.300000,36.690000,0.000000	71.340000,-59.220000,0.000000
35.355	-110.230000,-78.330000,0.000000	72.230000,36.090000,0.000000	59.720000,-56.120000,0.000000
35.491	-111.760000,-78.640000,0.000000	72.840000,35.540000,0.000000	49.430000,-53.900000,0.000000
35.610	-114.710000,-78.390000,0.000000	73.810000,34.920000,0.000000	40.530000,-51.650000,0.000000
35.745	-117.320000,-78.690000,0.000000	73.380000,34.320000,0.000000	31.300000,-53.110000,0.000000
35.880	-117.940000,-78.920000,0.000000	73.910000,34.300000,0.000000	26.780000,-53.890000,0.000000
36.000	-117.130000,-78.880000,0.000000	74.350000,34.810000,0.000000	23.910000,-55.310000,0.000000
36.136	-114.970000,-79.260000,0.000000	74.830000,35.860000,0.000000	23.580000,-57.170000,0.000000
36.270	-110.960000,-78.590000,0.000000	75.090000,36.550000,0.000000	21.700000,-59.900000,0.000000
36.390	-108.630000,-78.810000,0.000000	75.770000,37.510000,0.000000	21.670000,-64.210000,0.000000
36.525	-105.670000,-78.970000,0.000000	75.220000,38.440000,0.000000	43.950000,-66.330000,0.000000
36.660	-101.210000,-79.150000,0.000000	75.410000,39.570000,0.000000	4.400000,-67.340000,0.000000
36.780	-96.480000,-79.310000,0.000000	75.510000,40.510000,0.000000	-29.560000,-67.910000,0.000000
36.946	-92.390000,-79.290000,0.000000	75.620000,41.360000,0.000000	-59.110000,-67.830000,0.000000
37.050	-87.650000,-79.220000,0.000000	75.450000,42.540000,0.000000	-85.890000,-67.050000,0.000000
37.170	-81.410000,-78.990000,0.000000	74.890000,44.800000,0.000000	-110.650000,-66.530000,0.000000
37.305	-74.950000,-78.690000,0.000000	74.670000,47.160000,0.000000	180.000000,-66.600000,0.000000
37.441	-68.310000,-77.650000,0.000000	73.040000,49.410000,0.000000	-156.790000,-68.510000,0.000000
37.560	-61.870000,-76.880000,0.000000	72.160000,51.750000,0.000000	-168.630000,-69.050000,0.000000
37.695	-53.520000,-76.240000,0.000000	68.440000,55.080000,0.000000	-179.530000,-71.060000,0.000000
37.830	-48.380000,-74.610000,0.000000	67.200000,56.910000,0.000000	-189.050000,-71.880000,0.000000
37.950	-42.330000,-73.860000,0.000000	64.300000,59.550000,0.000000	-196.630000,-72.800000,0.000000
38.100	-36.800000,-73.390000,0.000000	61.670000,62.110000,0.000000	-201.200000,-73.870000,0.000000
38.221	-31.990000,-72.970000,0.000000	58.930000,64.310000,0.000000	-206.030000,-74.440000,0.000000
38.340	-28.140000,-72.510000,0.000000	56.860000,66.220000,0.000000	-209.700000,-75.410000,0.000000
38.475	-25.010000,-72.300000,0.000000	55.850000,67.620000,0.000000	-211.740000,-75.950000,0.000000
38.610	-22.140000,-71.970000,0.000000	54.810000,68.810000,0.000000	-213.510000,-76.370000,0.000000
38.731	-19.510000,-71.670000,0.000000	54.070000,70.010000,0.000000	-214.440000,-76.810000,0.000000
38.865	-17.790000,-71.390000,0.000000	53.050000,70.930000,0.000000	-213.910000,-77.310000,0.000000
39.000	-16.410000,-71.000000,0.000000	53.500000,71.420000,0.000000	178.770000,-77.930000,0.000000
39.150	-14.940000,-70.920000,0.000000	53.430000,71.920000,0.000000	170.560000,-78.810000,0.000000
39.255	-14.670000,-70.890000,0.000000	54.640000,71.710000,0.000000	-172.250000,-78.810000,0.000000
39.390	-15.470000,-71.290000,0.000000	56.960000,70.490000,0.000000	-177.400000,-77.140000,0.000000
39.510	-16.730000,-72.400000,0.000000	59.670000,69.080000,0.000000	-182.790000,-75.640000,0.000000
39.660	-21.750000,-73.780000,0.000000	62.330000,66.880000,0.000000	-186.120000,-72.740000,0.000000
39.780	-28.150000,-75.090000,0.000000	64.620000,63.880000,0.000000	-189.160000,-70.500000,0.000000
39.900	-37.690000,-76.280000,0.000000	66.590000,60.590000,0.000000	-190.810000,-68.530000,0.000000
40.035	-45.810000,-77.450000,0.000000	68.040000,57.520000,0.000000	-191.550000,-66.550000,0.000000
40.170	-52.970000,-78.180000,0.000000	68.530000,54.370000,0.000000	-192.470000,-65.190000,0.000000
40.290	-61.280000,-78.770000,0.000000	69.180000,51.220000,0.000000	-191.560000,-63.530000,0.000000
40.425	-69.320000,-79.310000,0.000000	70.090000,48.520000,0.000000	-190.100000,-61.620000,0.000000
40.561	-73.220000,-79.630000,0.000000	70.780000,46.450000,0.000000	-189.380000,-61.050000,0.000000
40.680	-79.110000,-79.890000,0.000000	71.460000,44.270000,0.000000	-188.010000,-60.320000,0.000000
40.831	-82.400000,-80.050000,0.000000	71.870000,42.640000,0.000000	-187.730000,-60.320000,0.000000
40.951	-85.720000,-80.330000,0.000000	72.580000,41.460000,0.000000	-186.640000,-61.340000,0.000000
41.070	-88.600000,-80.540000,0.000000	73.010000,40.350000,0.000000	-185.570000,-63.130000,0.000000
41.220	-90.260000,-80.650000,0.000000	73.750000,39.310000,0.000000	158.390000,-66.310000,0.000000
41.340	-91.980000,-80.740000,0.000000	73.960000,38.670000,0.000000	132.370000,-69.730000,0.000000
41.461	-93.180000,-80.750000,0.000000	73.820000,38.350000,0.000000	111.220000,-71.040000,0.000000
41.610	-92.940000,-80.600000,0.000000	73.570000,38.300000,0.000000	94.060000,-69.460000,0.000000
41.731	-94.970000,-80.340000,0.000000	73.990000,37.770000,0.000000	79.500000,-68.140000,0.000000
41.865	-96.350000,-80.360000,0.000000	74.130000,37.770000,0.000000	64.940000,-66.260000,0.000000
42.000	-97.910000,-80.160000,0.000000	74.270000,37.750000,0.000000	53.180000,-63.950000,0.000000
42.120	-97.600000,-80.160000,0.000000	74.200000,38.020000,0.000000	42.370000,-62.400000,0.000000
42.239	-97.410000,-80.200000,0.000000	73.950000,38.140000,0.000000	34.070000,-60.660000,0.000000
42.375	-95.790000,-80.090000,0.000000	74.120000,38.570000,0.000000	27.110000,-59.920000,0.000000
42.510	-95.860000,-79.730000,0.000000	73.900000,38.510000,0.000000	21.880000,-60.770000,0.000000
42.630	-93.300000,-80.100000,0.000000	73.990000,39.440000,0.000000	19.590000,-61.180000,0.000000
42.780	-91.170000,-79.990000,0.000000	74.310000,39.790000,0.000000	17.050000,-63.500000,0.000000
42.916	-89.750000,-79.890000,0.000000	74.540000,40.200000,0.000000	20.510000,-66.230000,0.000000
43.021	-88.230000,-79.670000,0.000000	74.620000,40.870000,0.000000	27.920000,-68.860000,0.000000
43.156	-86.510000,-79.620000,0.000000	74.760000,41.210000,0.000000	43.800000,-71.840000,0.000000
43.291	-84.880000,-79.550000,0.000000	75.330000,41.830000,0.000000	58.600000,-73.690000,0.000000
43.410	-83.660000,-79.360000,0.000000	75.900000,42.110000,0.000000	17.750000,-74.410000,0.000000
43.545	-81.840000,-79.740000,0.000000	75.100000,42.810000,0.000000	-19.080000,-74.550000,0.000000
43.679	-80.880000,-79.370000,0.000000	75.490000,43.100000,0.000000	-51.630000,-73.860000,0.000000
43.800	-79.390000,-79.290000,0.000000	75.500000,43.360000,0.000000	-80.220000,-73.590000,0.000000
43.950	-78.940000,-79.040000,0.000000	75.480000,43.530000,0.000000	-104.420000,-73.170000,0.000000
44.085	-78.250000,-78.970000,0.000000	75.470000,43.660000,0.000000	-125.770000,-72.420000,0.000000
44.205	-76.980000,-79.000000,0.000000	75.350000,44.170000,0.000000	-144.220000,-71.230000,0.000000
44.325	-75.550000,-79.040000,0.000000	75.310000,44.800000,0.000000	-160.130000,-70.170000,0.000000
44.475	-72.510000,-78.840000,0.000000	74.840000,46.140000,0.000000	-174.130000,-68.710000,0.000000
44.580	-67.600000,-78.640000,0.000000	74.530000,47.670000,0.000000	-184.950000,-67.700000,0.000000
44.715	-63.860000,-78.140000,0.000000	73.500000,49.330000,0.000000	-193.780000,-67.530000,0.000000
44.850	-58.940000,-77.290000,0.000000	71.910000,51.510000,0.000000	-200.650000,-68.040000,0.000000
44.970	-53.980000,-76.450000,0.000000	70.450000,54.000000,0.000000	176.890000,-68.900000,0.000000
45.105	-47.830000,-75.710000,0.000000	66.870000,57.090000,0.000000	162.300000,-71.340000,0.000000
45.254	-43.510000,-74.520000,0.000000	64.980000,59.220000,0.000000	-165.740000,-72.820000,0.000000
45.360	-38.360000,-73.690000,0.000000	62.310000,61.670000,0.000000	172.520000,-74.200000,0.000000
45.495	-34.350000,-72.710000,0.000000	59.360000,63.920000,0.000000	-172.290000,-75.250000,0.000000
45.631	-30.540000,-72.030000,0.000000	57.380000,65.740000,0.000000	-183.570000,-76.280000,0.000000
45.750	-27.290000,-71.530000,0.000000	55.670000,67.160000,0.000000	-192.600000,-77.150000,0.000000
45.886	-25.280000,-71.160000,0.000000	54.450000,68.460000,0.000000	-199.440000,-77.800000,0.000000
46.021	-23.400000,-70.700000,0.000000	52.880000,69.570000,0.000000	-205.250000,-78.380000,0.000000
46.140	-21.100000,-70.390000,0.000000	51.660000,70.530000,0.000000	-209.990000,-78.870000,0.000000
46.276	-19.490000,-70.070000,0.000000	50.480000,71.400000,0.000000	-213.810000,-79.510000,0.000000
46.410	-18.710000,-69.810000,0.000000	50.740000,71.690000,0.000000	-215.460000,-79.970000,0.000000
46.530	-18.690000,-69.720000,0.000000	51.100000,71.690000,0.000000	-216.670000,-80.300000,0.000000
46.664	-19.190000,-69.850000,0.000000	50.990000,71.530000,0.000000	178.920000,-79.830000,0.000000
46.815	-18.700000,-70.310000,0.000000	52.240000,71.570000,0.000000	-173.390000,-79.170000,0.000000
46.920	-18.800000,-70.610000,0.000000	54.950000,70.860000,0.000000	-180.250000,-78.690000,0.000000
47.055	-19.860000,-71.410000,0.000000	57.590000,69.720000,0.000000	-184.590000,-78.270000,0.000000
47.190	-21.050000,-72.430000,0.000000	60.970000,68.360000,0.000000	-189.680000,-77.120000,0.000000
47.310	-23.220000,-73.550000,0.000000	63.670000,66.660000,0.000000	-193.830000,-76.030000,0.000000
47.445	-25.980000,-74.900000,0.000000	66.280000,64.710000,0.000000	-196.330000,-74.860000,0.000000
47.595	-31.820000,-76.330000,0.000000	68.370000,62.300000,0.000000	-196.970000,-72.980000,0.000000
47.701	-37.680000,-77.490000,0.000000	70.020000,59.880000,0.000000	-197.030000,-70.980000,0.000000
47.835	-43.610000,-78.530000,0.000000	71.280000,57.050000,0.000000	-195.600000,-68.840000,0.000000
48.015	-52.200000,-79.160000,0.000000	72.430000,53.770000,0.000000	-194.950000,-66.160000,0.000000
48.105	-62.840000,-79.570000,0.000000	72.380000,50.620000,0.000000	-194.250000,-63.460000,0.000000
48.225	-69.630000,-79.960000,0.000000	72.800000,48.110000,0.000000	-192.940000,-60.920000,0.000000
48.375	-75.710000,-80.320000,0.000000	73.200000,45.980000,0.000000	-191.550000,-58.360000,0.000000
48.495	-79.400000,-80.550000,0.000000	73.700000,44.330000,0.000000	-190.120000,-56.750000,0.000000
48.616	-82.970000,-81.070000,0.000000	74.340000,42.990000,0.000000	-188.570000,-56.220000,0.000000
48.750	-85.910000,-81.270000,0.000000	74.910000,41.790000,0.000000	-187.640000,-56.640000,0.000000
48.871	-88.120000,-81.480000,0.000000	75.350000,40.740000,0.000000	-185.820000,-58.710000,0.000000
49.006	-89.750000,-81.600000,0.000000	75.740000,39.950000,0.000000	157.460000,-62.240000,0.000000
49.141	-89.370000,-81.700000,0.000000	75.490000,39.810000,0.000000	137.520000,-65.290000,0.000000
49.260	-90.520000,-81.440000,0.000000	75.600000,39.400000,0.000000	117.660000,-66.830000,0.000000
49.395	-90.760000,-81.350000,0.000000	75.380000,39.640000,0.000000	97.030000,-66.500000,0.000000
49.530	-88.690000,-81.300000,0.000000	75.400000,39.900000,0.000000	80.630000,-65.400000,0.000000
49.650	-88.520000,-81.210000,0.000000	75.090000,40.100000,0.000000	65.840000,-64.570000,0.000000
49.785	-87.090000,-81.150000,0.000000	75.130000,40.320000,0.000000	53.350000,-64.130000,0.000000
49.935	-86.840000,-81.190000,0.000000	75.240000,40.380000,0.000000	43.460000,-63.970000,0.000000
50.040	-85.530000,-80.960000,0.000000	74.800000,40.950000,0.000000	34.340000,-64.540000,0.000000
50.190	-85.410000,-80.760000,0.000000	74.730000,41.070000,0.000000	28.460000,-66.160000,0.000000
50.325	-85.790000,-80.700000,0.000000	75.230000,41.420000,0.000000	25.220000,-69.470000,0.000000
50.430	-86.860000,-80.790000,0.000000	75.580000,41.650000,0.000000	-15.300000,-72.110000,0.000000
50.580	-86.030000,-80.820000,0.000000	76.290000,41.860000,0.000000	-51.300000,-73.600000,0.000000
50.700	-87.110000,-80.690000,0.000000	77.040000,41.940000,0.000000	-80.080000,-73.300000,0.000000
50.820	-86.560000,-81.050000,0.000000	76.930000,42.310000,0.000000	-105.290000,-73.370000,0.000000
50.955	-87.440000,-80.990000,0.000000	77.270000,42.410000,0.000000	-127.010000,-73.410000,0.000000
51.105	-88.230000,-80.910000,0.000000	77.530000,42.430000,0.000000	-145.500000,-72.770000,0.000000
51.209	-88.170000,-81.000000,0.000000	77.690000,42.790000,0.000000	-161.900000,-71.750000,0.000000
51.346	-85.420000,-81.040000,0.000000	77.650000,43.270000,0.000000	-175.230000,-70.760000,0.000000
51.480	-83.140000,-80.840000,0.000000	77.620000,44.020000,0.000000	-185.380000,-69.900000,0.000000
51.601	-80.930000,-80.360000,0.000000	77.790000,44.670000,0.000000	-194.090000,-68.660000,0.000000
51.735	-75.280000,-79.930000,0.000000	77.690000,46.300000,0.000000	-201.930000,-68.050000,0.000000
51.870	-70.630000,-79.200000,0.000000	77.070000,47.850000,0.000000	-207.610000,-68.010000,0.000000
51.990	-64.610000,-78.620000,0.000000	76.000000,49.860000,0.000000	-212.240000,-67.920000,0.000000
52.125	-58.320000,-78.090000,0.000000	75.190000,51.950000,0.000000	-216.020000,-68.000000,0.000000
52.275	-53.050000,-77.310000,0.000000	73.470000,54.350000,0.000000	-218.800000,-68.650000,0.000000
52.380	-47.900000,-76.410000,0.000000	71.660000,56.450000,0.000000	-221.370000,-67.880000,0.000000
52.515	-44.020000,-75.590000,0.000000	70.340000,58.500000,0.000000	-222.100000,-68.050000,0.000000
52.665	-39.240000,-74.760000,0.000000	67.530000,60.590000,0.000000	177.580000,-69.280000,0.000000
52.785	-35.630000,-74.110000,0.000000	65.020000,62.570000,0.000000	-167.400000,-69.990000,0.000000
52.906	-31.870000,-73.200000,0.000000	62.700000,64.460000,0.000000	-176.050000,-71.270000,0.000000
53.040	-28.150000,-72.440000,0.000000	59.640000,66.190000,0.000000	-183.350000,-72.400000,0.000000
53.161	-24.950000,-71.800000,0.000000	56.830000,67.850000,0.000000	-189.670000,-73.660000,0.000000
53.295	-22.650000,-71.060000,0.000000	54.810000,69.120000,0.000000	-194.640000,-74.420000,0.000000
53.430	-21.060000,-70.670000,0.000000	52.770000,70.140000,0.000000	-198.120000,-75.150000,0.000000
53.565	-19.900000,-70.340000,0.000000	51.040000,70.970000,0.000000	-200.980000,-75.860000,0.000000
53.685	-19.060000,-69.870000,0.000000	50.580000,71.570000,0.000000	-203.850000,-76.820000,0.000000
53.820	-19.070000,-69.870000,0.000000	50.660000,71.790000,0.000000	-204.720000,-77.830000,0.000000
53.940	-19.000000,-69.950000,0.000000	51.460000,71.600000,0.000000	-204.910000,-77.940000,0.000000
54.105	-19.580000,-70.410000,0.000000	54.230000,70.800000,0.000000	-203.210000,-77.040000,0.000000
54.210	-20.420000,-71.260000,0.000000	56.560000,69.710000,0.000000	-201.980000,-75.590000,0.000000
54.330	-22.950000,-72.380000,0.000000	59.300000,68.170000,0.000000	-200.910000,-73.440000,0.000000
54.480	-27.320000,-73.830000,0.000000	61.960000,65.540000,0.000000	-199.660000,-71.610000,0.000000
54.600	-33.650000,-74.970000,0.000000	64.180000,62.570000,0.000000	-196.990000,-69.620000,0.000000
54.720	-40.620000,-76.060000,0.000000	66.250000,59.640000,0.000000	-194.200000,-68.130000,0.000000
54.870	-48.460000,-77.300000,0.000000	67.650000,56.890000,0.000000	-191.980000,-66.760000,0.000000
54.990	-56.530000,-77.920000,0.000000	68.630000,53.940000,0.000000	-188.590000,-64.220000,0.000000
55.125	-62.270000,-78.610000,0.000000	69.220000,51.480000,0.000000	-185.930000,-62.710000,0.000000
55.245	-67.890000,-79.180000,0.000000	69.860000,49.130000,0.000000	-183.010000,-61.110000,0.000000
55.380	-71.610000,-79.620000,0.000000	70.930000,47.360000,0.000000	-181.260000,-59.880000,0.000000
55.500	-76.080000,-80.050000,0.000000	71.910000,45.640000,0.000000	-179.080000,-58.980000,0.000000
55.635	-77.420000,-80.340000,0.000000	72.660000,44.490000,0.000000	-177.760000,-59.200000,0.000000
55.770	-79.630000,-80.670000,0.000000	73.360000,43.550000,0.000000	-176.050000,-60.540000,0.000000
55.890	-81.870000,-80.780000,0.000000	74.050000,42.610000,0.000000	-175.090000,-63.540000,0.000000
56.025	-82.560000,-80.970000,0.000000	74.460000,42.030000,0.000000	115.310000,-67.400000,0.000000
56.160	-83.510000,-80.980000,0.000000	74.830000,41.830000,0.000000	103.920000,-69.460000,0.000000
56.280	-82.880000,-81.020000,0.000000	75.310000,41.800000,0.000000	90.730000,-69.590000,0.000000
56.416	-82.090000,-81.070000,0.000000	75.500000,41.720000,0.000000	79.260000,-68.650000,0.000000
56.550	-83.710000,-81.130000,0.000000	75.790000,41.580000,0.000000	68.380000,-67.730000,0.000000
56.670	-86.590000,-80.860000,0.000000	75.340000,41.300000,0.000000	59.640000,-66.150000,0.000000
56.805	-88.500000,-80.860000,0.000000	75.190000,41.310000,0.000000	52.450000,-64.070000,0.000000
56.940	-87.480000,-80.880000,0.000000	74.740000,41.380000,0.000000	44.340000,-62.090000,0.000000
57.060	-87.620000,-80.720000,0.000000	74.700000,41.940000,0.000000	37.600000,-59.990000,0.000000
57.195	-87.770000,-80.510000,0.000000	74.660000,41.970000,0.000000	31.660000,-58.170000,0.000000
57.329	-86.210000,-80.460000,0.000000	74.720000,42.510000,0.000000	28.120000,-56.760000,0.000000
57.450	-85.690000,-80.310000,0.000000	74.520000,42.550000,0.000000	25.340000,-57.090000,0.000000
57.585	-83.980000,-79.750000,0.000000	74.600000,42.750000,0.000000	22.440000,-57.260000,0.000000
57.720	-85.270000,-79.600000,0.000000	74.140000,42.680000,0.000000	28.860000,-60.090000,0.000000
57.840	-84.100000,-79.570000,0.000000	74.460000,42.870000,0.000000	31.600000,-62.160000,0.000000
57.975	-83.220000,-79.270000,0.000000	74.880000,43.010000,0.000000	34.910000,-65.120000,0.000000
58.110	-83.200000,-79.420000,0.000000	74.510000,43.350000,0.000000	46.990000,-67.990000,0.000000
58.230	-83.020000,-79.090000,0.000000	74.860000,43.940000,0.000000	65.700000,-70.010000,0.000000
58.365	-82.700000,-79.130000,0.000000	74.810000,44.070000,0.000000	25.940000,-70.920000,0.000000
58.501	-83.020000,-78.940000,0.000000	75.300000,44.070000,0.000000	-9.770000,-70.420000,0.000000
58.620	-83.460000,-78.800000,0.000000	75.360000,43.960000,0.000000	-40.710000,-69.960000,0.000000
58.755	-81.870000,-78.930000,0.000000	75.460000,44.430000,0.000000	-69.420000,-69.710000,0.000000
58.890	-82.200000,-78.630000,0.000000	75.590000,44.290000,0.000000	-93.670000,-69.220000,0.000000
59.010	-82.040000,-78.640000,0.000000	76.000000,44.350000,0.000000	-115.130000,-68.580000,0.000000
59.145	-80.660000,-78.480000,0.000000	75.900000,44.610000,0.000000	-134.380000,-68.260000,0.000000
59.280	-78.800000,-78.270000,0.000000	75.960000,45.120000,0.000000	-150.300000,-67.440000,0.000000
59.400	-75.570000,-78.260000,0.000000	75.630000,46.020000,0.000000	-164.600000,-67.770000,0.000000
59.535	-72.870000,-78.140000,0.000000	75.510000,47.290000,0.000000	-176.390000,-67.860000,0.000000
59.670	-68.350000,-77.980000,0.000000	74.940000,48.740000,0.000000	177.080000,-68.280000,0.000000
59.806	-63.640000,-77.350000,0.000000	75.030000,50.600000,0.000000	166.850000,-69.750000,0.000000
59.925	-59.750000,-76.510000,0.000000	73.590000,52.540000,0.000000	-175.950000,-70.350000,0.000000
