time	pelvis_imu	femur_r_imu	tibia_r_imu	femur_l_imu	tibia_l_imu
0.000	-7.200000,-70.630000,0.000000	94.020000,-15.740000,0.000000	87.690000,2.820000,0.000000	94.020000,-15.740000,0.000000	87.690000,2.820000,0.000000
0.120	-7.200000,-70.630000,0.000000	93.910000,-15.740000,0.000000	87.650000,2.800000,0.000000	94.020000,-15.740000,0.000000	87.690000,2.820000,0.000000
0.255	-7.200000,-70.630000,0.000000	93.860000,-15.910000,0.000000	87.570000,2.860000,0.000000	94.020000,-15.740000,0.000000	87.690000,2.820000,0.000000
0.389	-7.200000,-70.630000,0.000000	93.750000,-15.960000,0.000000	87.590000,2.920000,0.000000	94.020000,-15.740000,0.000000	87.690000,2.820000,0.000000
0.510	-7.200000,-70.630000,0.000000	93.780000,-16.030000,0.000000	87.480000,2.840000,0.000000	94.020000,-15.740000,0.000000	87.690000,2.820000,0.000000
0.644	-7.200000,-70.630000,0.000000	93.760000,-16.230000,0.000000	87.410000,2.970000,0.000000	94.020000,-15.740000,0.000000	87.690000,2.820000,0.000000
0.779	-7.200000,-70.630000,0.000000	93.710000,-16.390000,0.000000	87.410000,2.990000,0.000000	94.020000,-15.740000,0.000000	87.690000,2.820000,0.000000
0.900	-7.200000,-70.630000,0.000000	93.840000,-16.380000,0.000000	87.310000,2.980000,0.000000	94.020000,-15.740000,0.000000	87.690000,2.820000,0.000000
1.035	-7.200000,-70.630000,0.000000	93.740000,-16.580000,0.000000	87.280000,3.020000,0.000000	94.020000,-15.740000,0.000000	87.690000,2.820000,0.000000
1.169	-7.200000,-70.630000,0.000000	93.660000,-16.590000,0.000000	87.210000,3.080000,0.000000	94.020000,-15.740000,0.000000	87.690000,2.820000,0.000000
1.289	-7.200000,-70.630000,0.000000	93.740000,-16.600000,0.000000	87.230000,3.060000,0.000000	94.020000,-15.740000,0.000000	87.690000,2.820000,0.000000
1.424	-7.200000,-70.630000,0.000000	93.780000,-16.590000,0.000000	87.110000,3.020000,0.000000	94.020000,-15.740000,0.000000	87.690000,2.820000,0.000000
1.559	-7.200000,-70.630000,0.000000	93.740000,-16.640000,0.000000	87.160000,3.010000,0.000000	94.020000,-15.740000,0.000000	87.690000,2.820000,0.000000
1.680	-7.200000,-70.630000,0.000000	93.710000,-16.740000,0.000000	87.150000,2.800000,0.000000	94.020000,-15.740000,0.000000	87.690000,2.820000,0.000000
1.814	-7.200000,-70.630000,0.000000	93.730000,-16.680000,0.000000	87.260000,2.820000,0.000000	94.020000,-15.740000,0.000000	87.690000,2.820000,0.000000
1.949	-7.200000,-70.630000,0.000000	93.800000,-16.800000,0.000000	87.290000,2.970000,0.000000	94.020000,-15.740000,0.000000	87.690000,2.820000,0.000000
2.085	-7.200000,-70.630000,0.000000	93.770000,-16.810000,0.000000	87.340000,2.950000,0.000000	94.020000,-15.740000,0.000000	87.690000,2.820000,0.000000
2.204	-7.200000,-70.630000,0.000000	93.880000,-16.760000,0.000000	87.440000,3.180000,0.000000	94.020000,-15.740000,0.000000	87.690000,2.820000,0.000000
2.340	-7.200000,-70.630000,0.000000	93.970000,-16.720000,0.000000	87.400000,3.170000,0.000000	94.020000,-15.740000,0.000000	87.690000,2.820000,0.000000
2.474	-7.200000,-70.630000,0.000000	93.990000,-16.660000,0.000000	87.410000,3.230000,0.000000	94.020000,-15.740000,0.000000	87.690000,2.820000,0.000000
2.595	-7.200000,-70.630000,0.000000	93.960000,-16.600000,0.000000	87.410000,3.300000,0.000000	94.020000,-15.740000,0.000000	87.690000,2.820000,0.000000
2.729	-7.200000,-70.630000,0.000000	93.980000,-16.710000,0.000000	87.290000,3.310000,0.000000	94.020000,-15.740000,0.000000	87.690000,2.820000,0.000000
2.865	-7.200000,-70.630000,0.000000	93.990000,-16.680000,0.000000	87.150000,3.400000,0.000000	94.020000,-15.740000,0.000000	87.690000,2.820000,0.000000
2.985	-7.200000,-70.630000,0.000000	94.030000,-16.620000,0.000000	87.030000,3.520000,0.000000	94.020000,-15.740000,0.000000	87.690000,2.820000,0.000000
3.120	-7.200000,-70.630000,0.000000	94.090000,-16.630000,0.000000	87.070000,3.470000,0.000000	94.020000,-15.740000,0.000000	87.690000,2.820000,0.000000
3.255	-7.200000,-70.630000,0.000000	94.070000,-16.700000,0.000000	86.990000,3.370000,0.000000	94.020000,-15.740000,0.000000	87.690000,2.820000,0.000000
3.374	-7.200000,-70.630000,0.000000	94.080000,-16.720000,0.000000	87.040000,3.390000,0.000000	94.020000,-15.740000,0.000000	87.690000,2.820000,0.000000
3.525	-7.200000,-70.630000,0.000000	94.040000,-16.680000,0.000000	87.050000,3.320000,0.000000	94.020000,-15.740000,0.000000	87.690000,2.820000,0.000000
3.644	-7.200000,-70.630000,0.000000	93.970000,-16.530000,0.000000	87.130000,3.400000,0.000000	94.020000,-15.740000,0.000000	87.690000,2.820000,0.000000
3.765	-7.200000,-70.630000,0.000000	93.890000,-16.520000,0.000000	87.150000,3.360000,0.000000	94.020000,-15.740000,0.000000	87.690000,2.820000,0.000000
3.900	-7.200000,-70.630000,0.000000	93.940000,-16.550000,0.000000	87.140000,3.400000,0.000000	94.020000,-15.740000,0.000000	87.690000,2.820000,0.000000
4.035	-7.200000,-70.630000,0.000000	93.860000,-16.550000,0.000000	87.140000,3.340000,0.000000	94.020000,-15.740000,0.000000	87.690000,2.820000,0.000000
4.155	-7.200000,-70.630000,0.000000	93.790000,-16.490000,0.000000	87.160000,3.280000,0.000000	94.020000,-15.740000,0.000000	87.690000,2.820000,0.000000
4.289	-7.200000,-70.630000,0.000000	93.650000,-16.550000,0.000000	87.100000,3.310000,0.000000	94.020000,-15.740000,0.000000	87.690000,2.820000,0.000000
4.425	-7.200000,-70.630000,0.000000	93.590000,-16.520000,0.000000	87.060000,3.400000,0.000000	94.020000,-15.740000,0.000000	87.690000,2.820000,0.000000
4.544	-7.200000,-70.630000,0.000000	93.530000,-16.470000,0.000000	86.930000,3.470000,0.000000	94.020000,-15.740000,0.000000	87.690000,2.820000,0.000000
4.696	-7.200000,-70.630000,0.000000	93.490000,-16.530000,0.000000	86.920000,3.210000,0.000000	94.020000,-15.740000,0.000000	87.690000,2.820000,0.000000
4.813	-7.200000,-70.630000,0.000000	93.480000,-16.460000,0.000000	86.880000,3.180000,0.000000	94.020000,-15.740000,0.000000	87.690000,2.820000,0.000000
4.935	-7.200000,-70.630000,0.000000	93.410000,-16.560000,0.000000	86.770000,3.090000,0.000000	94.020000,-15.740000,0.000000	87.690000,2.820000,0.000000
5.070	-7.200000,-70.630000,0.000000	93.710000,-16.850000,0.000000	86.770000,2.800000,0.000000	94.020000,-15.740000,0.000000	87.690000,2.820000,0.000000
5.204	-7.200000,-70.630000,0.000000	94.130000,-17.420000,0.000000	87.070000,2.870000,0.000000	94.020000,-15.740000,0.000000	87.690000,2.820000,0.000000
5.325	-7.200000,-70.630000,0.000000	94.210000,-18.630000,0.000000	86.540000,3.500000,0.000000	94.020000,-15.740000,0.000000	87.690000,2.820000,0.000000
5.459	-7.200000,-70.630000,0.000000	94.320000,-20.510000,0.000000	86.320000,1.930000,0.000000	94.020000,-15.740000,0.000000	87.690000,2.820000,0.000000
5.594	-7.200000,-70.630000,0.000000	94.040000,-23.650000,0.000000	86.730000,-1.060000,0.000000	94.020000,-15.740000,0.000000	87.690000,2.820000,0.000000
5.714	-7.200000,-70.630000,0.000000	94.900000,-28.480000,0.000000	87.150000,-3.880000,0.000000	94.020000,-15.740000,0.000000	87.690000,2.820000,0.000000
5.850	-7.200000,-70.630000,0.000000	95.400000,-34.360000,0.000000	87.960000,-7.030000,0.000000	94.020000,-15.740000,0.000000	87.690000,2.820000,0.000000
5.985	-7.200000,-70.630000,0.000000	96.320000,-41.040000,0.000000	89.630000,-9.920000,0.000000	94.020000,-15.740000,0.000000	87.690000,2.820000,0.000000
6.104	-7.200000,-70.630000,0.000000	94.110000,-49.060000,0.000000	90.300000,-15.660000,0.000000	94.020000,-15.740000,0.000000	87.690000,2.820000,0.000000
6.240	-7.200000,-70.630000,0.000000	83.230000,-56.680000,0.000000	91.040000,-21.900000,0.000000	94.020000,-15.740000,0.000000	87.690000,2.820000,0.000000
6.374	-7.200000,-70.630000,0.000000	67.470000,-63.130000,0.000000	92.080000,-28.190000,0.000000	94.020000,-15.740000,0.000000	87.690000,2.820000,0.000000
6.495	-7.200000,-70.630000,0.000000	50.930000,-68.740000,0.000000	93.750000,-33.870000,0.000000	94.020000,-15.740000,0.000000	87.690000,2.820000,0.000000
6.629	-7.200000,-70.630000,0.000000	34.630000,-73.390000,0.000000	92.940000,-39.600000,0.000000	94.020000,-15.740000,0.000000	87.690000,2.820000,0.000000
6.750	-7.200000,-70.630000,0.000000	25.610000,-77.350000,0.000000	94.180000,-43.990000,0.000000	94.020000,-15.740000,0.000000	87.690000,2.820000,0.000000
6.884	-7.200000,-70.630000,0.000000	16.560000,-80.920000,0.000000	94.550000,-47.720000,0.000000	94.020000,-15.740000,0.000000	87.690000,2.820000,0.000000
7.020	-7.200000,-70.630000,0.000000	7.300000,-84.210000,0.000000	95.580000,-50.920000,0.000000	94.020000,-15.740000,0.000000	87.690000,2.820000,0.000000
7.140	-7.200000,-70.630000,0.000000	-0.330000,-87.260000,0.000000	95.460000,-53.400000,0.000000	94.020000,-15.740000,0.000000	87.690000,2.820000,0.000000
7.274	-7.200000,-70.630000,0.000000	-3.040000,-89.400000,0.000000	95.200000,-55.620000,0.000000	94.020000,-15.740000,0.000000	87.690000,2.820000,0.000000
7.410	-7.200000,-70.630000,0.000000	-11.940000,-91.000000,0.000000	93.790000,-57.630000,0.000000	94.020000,-15.740000,0.000000	87.690000,2.820000,0.000000
7.529	-7.200000,-70.630000,0.000000	-13.830000,-92.280000,0.000000	93.560000,-58.870000,0.000000	94.020000,-15.740000,0.000000	87.690000,2.820000,0.000000
7.664	-7.200000,-70.630000,0.000000	-16.910000,-93.330000,0.000000	92.530000,-59.970000,0.000000	94.020000,-15.740000,0.000000	87.690000,2.820000,0.000000
7.800	-7.200000,-70.630000,0.000000	-20.140000,-94.150000,0.000000	91.850000,-60.960000,0.000000	94.020000,-15.740000,0.000000	87.690000,2.820000,0.000000
7.919	-7.200000,-70.630000,0.000000	-24.480000,-94.570000,0.000000	91.190000,-61.590000,0.000000	94.020000,-15.740000,0.000000	87.690000,2.820000,0.000000
8.055	-7.200000,-70.630000,0.000000	-24.120000,-94.650000,0.000000	90.880000,-61.880000,0.000000	94.020000,-15.740000,0.000000	87.690000,2.820000,0.000000
8.188	-7.200000,-70.630000,0.000000	-21.770000,-94.700000,0.000000	90.560000,-61.990000,0.000000	94.020000,-15.740000,0.000000	87.690000,2.820000,0.000000
8.310	-7.200000,-70.630000,0.000000	-20.550000,-94.550000,0.000000	90.750000,-61.690000,0.000000	94.020000,-15.740000,0.000000	87.690000,2.820000,0.000000
8.444	-7.200000,-70.630000,0.000000	-19.330000,-94.820000,0.000000	90.490000,-61.330000,0.000000	94.020000,-15.740000,0.000000	87.690000,2.820000,0.000000
8.580	-7.200000,-70.630000,0.000000	-16.150000,-94.690000,0.000000	90.360000,-60.920000,0.000000	94.020000,-15.740000,0.000000	87.690000,2.820000,0.000000
8.700	-7.200000,-70.630000,0.000000	-16.060000,-94.160000,0.000000	89.790000,-60.930000,0.000000	94.020000,-15.740000,0.000000	87.690000,2.820000,0.000000
8.835	-7.200000,-70.630000,0.000000	-12.510000,-93.300000,0.000000	89.480000,-60.150000,0.000000	94.020000,-15.740000,0.000000	87.690000,2.820000,0.000000
8.969	-7.200000,-70.630000,0.000000	-9.950000,-92.510000,0.000000	89.290000,-59.520000,0.000000	94.020000,-15.740000,0.000000	87.690000,2.820000,0.000000
9.089	-7.200000,-70.630000,0.000000	-11.020000,-92.200000,0.000000	89.360000,-59.090000,0.000000	94.020000,-15.740000,0.000000	87.690000,2.820000,0.000000
9.225	-7.200000,-70.630000,0.000000	-10.400000,-91.560000,0.000000	90.000000,-57.990000,0.000000	94.020000,-15.740000,0.000000	87.690000,2.820000,0.000000
9.359	-7.200000,-70.630000,0.000000	-9.070000,-91.150000,0.000000	89.420000,-57.960000,0.000000	94.020000,-15.740000,0.000000	87.690000,2.820000,0.000000
9.479	-7.200000,-70.630000,0.000000	-11.860000,-90.830000,0.000000	89.180000,-57.490000,0.000000	94.020000,-15.740000,0.000000	87.690000,2.820000,0.000000
9.614	-7.200000,-70.630000,0.000000	-12.950000,-90.710000,0.000000	88.700000,-57.050000,0.000000	94.020000,-15.740000,0.000000	87.690000,2.820000,0.000000
9.749	-7.200000,-70.630000,0.000000	-9.260000,-90.230000,0.000000	89.360000,-56.370000,0.000000	94.020000,-15.740000,0.000000	87.690000,2.820000,0.000000
9.870	-7.200000,-70.630000,0.000000	-5.960000,-89.840000,0.000000	90.190000,-55.940000,0.000000	94.020000,-15.740000,0.000000	87.690000,2.820000,0.000000
10.004	-7.200000,-70.630000,0.000000	-5.650000,-89.860000,0.000000	90.250000,-55.490000,0.000000	94.020000,-15.740000,0.000000	87.690000,2.820000,0.000000
10.140	-7.200000,-70.630000,0.000000	-2.950000,-89.660000,0.000000	90.020000,-55.320000,0.000000	94.020000,-15.740000,0.000000	87.690000,2.820000,0.000000
10.259	-7.200000,-70.630000,0.000000	2.320000,-89.340000,0.000000	89.550000,-55.200000,0.000000	94.020000,-15.740000,0.000000	87.690000,2.820000,0.000000
10.394	-7.200000,-70.630000,0.000000	6.960000,-88.800000,0.000000	89.890000,-54.640000,0.000000	94.020000,-15.740000,0.000000	87.690000,2.820000,0.000000
10.529	-7.200000,-70.630000,0.000000	14.120000,-87.900000,0.000000	89.380000,-53.680000,0.000000	94.020000,-15.740000,0.000000	87.690000,2.820000,0.000000
10.650	-7.200000,-70.630000,0.000000	18.850000,-87.600000,0.000000	90.530000,-52.570000,0.000000	94.020000,-15.740000,0.000000	87.690000,2.820000,0.000000
10.784	-7.200000,-70.630000,0.000000	23.880000,-87.380000,0.000000	91.350000,-51.760000,0.000000	94.020000,-15.740000,0.000000	87.690000,2.820000,0.000000
10.920	-7.200000,-70.630000,0.000000	25.230000,-87.330000,0.000000	91.720000,-51.940000,0.000000	94.020000,-15.740000,0.000000	87.690000,2.820000,0.000000
11.040	-7.200000,-70.630000,0.000000	31.800000,-87.270000,0.000000	92.550000,-51.340000,0.000000	94.020000,-15.740000,0.000000	87.690000,2.820000,0.000000
11.174	-7.200000,-70.630000,0.000000	36.720000,-86.610000,0.000000	93.030000,-50.730000,0.000000	94.020000,-15.740000,0.000000	87.690000,2.820000,0.000000
11.310	-7.200000,-70.630000,0.000000	39.000000,-86.300000,0.000000	92.990000,-50.610000,0.000000	94.020000,-15.740000,0.000000	87.690000,2.820000,0.000000
11.429	-7.200000,-70.630000,0.000000	41.140000,-85.890000,0.000000	93.340000,-50.430000,0.000000	94.020000,-15.740000,0.000000	87.690000,2.820000,0.000000
11.564	-7.200000,-70.630000,0.000000	42.450000,-85.840000,0.000000	93.800000,-49.800000,0.000000	94.020000,-15.740000,0.000000	87.690000,2.820000,0.000000
11.700	-7.200000,-70.630000,0.000000	45.190000,-85.670000,0.000000	94.130000,-49.330000,0.000000	94.020000,-15.740000,0.000000	87.690000,2.820000,0.000000
11.820	-7.200000,-70.630000,0.000000	46.640000,-85.600000,0.000000	94.470000,-48.740000,0.000000	94.020000,-15.740000,0.000000	87.690000,2.820000,0.000000
11.955	-7.200000,-70.630000,0.000000	51.660000,-85.460000,0.000000	94.220000,-48.720000,0.000000	94.020000,-15.740000,0.000000	87.690000,2.820000,0.000000
12.089	-7.200000,-70.630000,0.000000	53.550000,-85.100000,0.000000	94.290000,-48.230000,0.000000	94.020000,-15.740000,0.000000	87.690000,2.820000,0.000000
12.210	-7.200000,-70.630000,0.000000	55.170000,-85.030000,0.000000	93.920000,-47.960000,0.000000	94.020000,-15.740000,0.000000	87.690000,2.820000,0.000000
12.344	-7.200000,-70.630000,0.000000	55.950000,-84.910000,0.000000	93.830000,-47.740000,0.000000	94.020000,-15.740000,0.000000	87.690000,2.820000,0.000000
12.479	-7.200000,-70.630000,0.000000	58.090000,-84.470000,0.000000	93.550000,-47.260000,0.000000	94.020000,-15.740000,0.000000	87.690000,2.820000,0.000000
12.599	-7.200000,-70.630000,0.000000	61.250000,-84.700000,0.000000	93.470000,-47.290000,0.000000	94.020000,-15.740000,0.000000	87.690000,2.820000,0.000000
12.735	-7.200000,-70.630000,0.000000	61.940000,-84.440000,0.000000	93.380000,-46.880000,0.000000	94.020000,-15.740000,0.000000	87.690000,2.820000,0.000000
12.870	-7.200000,-70.630000,0.000000	63.140000,-84.150000,0.000000	93.120000,-46.830000,0.000000	94.020000,-15.740000,0.000000	87.690000,2.820000,0.000000
12.989	-7.200000,-70.630000,0.000000	64.880000,-84.120000,0.000000	92.990000,-46.850000,0.000000	94.020000,-15.740000,0.000000	87.690000,2.820000,0.000000
13.125	-7.200000,-70.630000,0.000000	65.250000,-84.110000,0.000000	92.440000,-47.270000,0.000000	94.020000,-15.740000,0.000000	87.690000,2.820000,0.000000
13.259	-7.200000,-70.630000,0.000000	63.540000,-83.730000,0.000000	92.300000,-47.290000,0.000000	94.020000,-15.740000,0.000000	87.690000,2.820000,0.000000
13.380	-7.200000,-70.630000,0.000000	63.260000,-83.720000,0.000000	92.460000,-47.180000,0.000000	94.020000,-15.740000,0.000000	87.690000,2.820000,0.000000
13.514	-7.200000,-70.630000,0.000000	62.420000,-83.540000,0.000000	92.580000,-47.070000,0.000000	94.020000,-15.740000,0.000000	87.690000,2.820000,0.000000
13.649	-7.200000,-70.630000,0.000000	61.100000,-83.830000,0.000000	92.380000,-47.350000,0.000000	94.020000,-15.740000,0.000000	87.690000,2.820000,0.000000
13.769	-7.200000,-70.630000,0.000000	55.220000,-84.150000,0.000000	92.800000,-47.230000,0.000000	94.020000,-15.740000,0.000000	87.690000,2.820000,0.000000
13.904	-7.200000,-70.630000,0.000000	51.160000,-83.900000,0.000000	92.600000,-47.740000,0.000000	94.020000,-15.740000,0.000000	87.690000,2.820000,0.000000
14.040	-7.200000,-70.630000,0.000000	49.760000,-83.530000,0.000000	92.390000,-47.740000,0.000000	94.020000,-15.740000,0.000000	87.690000,2.820000,0.000000
14.174	-7.200000,-70.630000,0.000000	44.090000,-83.820000,0.000000	92.200000,-48.050000,0.000000	94.020000,-15.740000,0.000000	87.690000,2.820000,0.000000
14.295	-7.200000,-70.630000,0.000000	44.610000,-83.880000,0.000000	92.240000,-47.740000,0.000000	94.020000,-15.740000,0.000000	87.690000,2.820000,0.000000
14.429	-7.200000,-70.630000,0.000000	46.340000,-83.570000,0.000000	91.790000,-47.700000,0.000000	94.020000,-15.740000,0.000000	87.690000,2.820000,0.000000
14.565	-7.200000,-70.630000,0.000000	48.460000,-83.590000,0.000000	91.660000,-48.390000,0.000000	94.020000,-15.740000,0.000000	87.690000,2.820000,0.000000
14.685	-7.200000,-70.630000,0.000000	49.560000,-83.440000,0.000000	91.980000,-48.220000,0.000000	94.020000,-15.740000,0.000000	87.690000,2.820000,0.000000
14.819	-7.200000,-70.630000,0.000000	52.070000,-83.660000,0.000000	92.400000,-48.370000,0.000000	94.020000,-15.740000,0.000000	87.690000,2.820000,0.000000
14.955	-7.200000,-70.630000,0.000000	53.870000,-83.830000,0.000000	92.160000,-48.390000,0.000000	94.020000,-15.740000,0.000000	87.690000,2.820000,0.000000
15.074	-7.200000,-70.630000,0.000000	58.000000,-84.090000,0.000000	91.970000,-48.120000,0.000000	94.020000,-15.740000,0.000000	87.690000,2.820000,0.000000
15.210	-7.200000,-70.630000,0.000000	59.600000,-84.500000,0.000000	92.110000,-48.050000,0.000000	94.020000,-15.740000,0.000000	87.690000,2.820000,0.000000
15.344	-7.200000,-70.630000,0.000000	62.070000,-84.640000,0.000000	92.280000,-48.140000,0.000000	94.020000,-15.740000,0.000000	87.690000,2.820000,0.000000
15.465	-7.200000,-70.630000,0.000000	62.930000,-84.750000,0.000000	91.850000,-48.010000,0.000000	94.020000,-15.740000,0.000000	87.690000,2.820000,0.000000
15.599	-7.200000,-70.630000,0.000000	61.230000,-84.850000,0.000000	91.220000,-47.900000,0.000000	94.020000,-15.740000,0.000000	87.690000,2.820000,0.000000
15.719	-7.200000,-70.630000,0.000000	57.540000,-84.950000,0.000000	90.470000,-46.760000,0.000000	94.020000,-15.740000,0.000000	87.690000,2.820000,0.000000
15.855	-7.200000,-70.630000,0.000000	50.290000,-85.020000,0.000000	90.240000,-44.410000,0.000000	94.020000,-15.740000,0.000000	87.690000,2.820000,0.000000
15.989	-7.200000,-70.630000,0.000000	44.610000,-84.660000,0.000000	89.470000,-41.080000,0.000000	94.020000,-15.740000,0.000000	87.690000,2.820000,0.000000
16.110	-7.200000,-70.630000,0.000000	41.900000,-84.640000,0.000000	89.110000,-36.710000,0.000000	94.020000,-15.740000,0.000000	87.690000,2.820000,0.000000
16.244	-7.200000,-70.630000,0.000000	37.000000,-84.660000,0.000000	89.390000,-31.490000,0.000000	94.020000,-15.740000,0.000000	87.690000,2.820000,0.000000
16.379	-7.200000,-70.630000,0.000000	28.210000,-85.150000,0.000000	88.910000,-25.560000,0.000000	94.020000,-15.740000,0.000000	87.690000,2.820000,0.000000
16.500	-7.200000,-70.630000,0.000000	18.210000,-85.700000,0.000000	80.800000,-22.590000,0.000000	94.020000,-15.740000,0.000000	87.690000,2.820000,0.000000
16.635	-7.200000,-70.630000,0.000000	19.770000,-85.900000,0.000000	80.140000,-14.590000,0.000000	94.020000,-15.740000,0.000000	87.690000,2.820000,0.000000
16.770	-7.200000,-70.630000,0.000000	17.680000,-85.900000,0.000000	79.800000,-7.180000,0.000000	94.020000,-15.740000,0.000000	87.690000,2.820000,0.000000
16.889	-7.200000,-70.630000,0.000000	13.500000,-86.280000,0.000000	79.790000,0.380000,0.000000	94.020000,-15.740000,0.000000	87.690000,2.820000,0.000000
17.024	-7.200000,-70.630000,0.000000	20.850000,-86.490000,0.000000	79.620000,6.730000,0.000000	94.020000,-15.740000,0.000000	87.690000,2.820000,0.000000
17.159	-7.200000,-70.630000,0.000000	20.850000,-86.560000,0.000000	79.030000,12.310000,0.000000	94.020000,-15.740000,0.000000	87.690000,2.820000,0.000000
17.280	-7.200000,-70.630000,0.000000	21.890000,-86.700000,0.000000	78.330000,17.110000,0.000000	94.020000,-15.740000,0.000000	87.690000,2.820000,0.000000
17.414	-7.200000,-70.630000,0.000000	21.420000,-86.660000,0.000000	78.090000,20.930000,0.000000	94.020000,-15.740000,0.000000	87.690000,2.820000,0.000000
17.550	-7.200000,-70.630000,0.000000	21.660000,-86.670000,0.000000	78.020000,23.770000,0.000000	94.020000,-15.740000,0.000000	87.690000,2.820000,0.000000
17.670	-7.200000,-70.630000,0.000000	20.010000,-86.890000,0.000000	77.950000,26.160000,0.000000	94.020000,-15.740000,0.000000	87.690000,2.820000,0.000000
17.804	-7.200000,-70.630000,0.000000	14.220000,-87.240000,0.000000	77.930000,28.100000,0.000000	94.020000,-15.740000,0.000000	87.690000,2.820000,0.000000
17.940	-7.200000,-70.630000,0.000000	11.280000,-87.330000,0.000000	77.880000,29.150000,0.000000	94.020000,-15.740000,0.000000	87.690000,2.820000,0.000000
18.059	-7.200000,-70.630000,0.000000	3.250000,-87.310000,0.000000	77.720000,29.680000,0.000000	94.020000,-15.740000,0.000000	87.690000,2.820000,0.000000
18.195	-7.200000,-70.630000,0.000000	-4.230000,-87.030000,0.000000	77.890000,29.950000,0.000000	94.020000,-15.740000,0.000000	87.690000,2.820000,0.000000
18.329	-7.200000,-70.630000,0.000000	-10.210000,-86.890000,0.000000	78.140000,29.700000,0.000000	94.020000,-15.740000,0.000000	87.690000,2.820000,0.000000
18.450	-7.200000,-70.630000,0.000000	-20.160000,-87.020000,0.000000	78.270000,29.370000,0.000000	94.020000,-15.740000,0.000000	87.690000,2.820000,0.000000
18.585	-7.200000,-70.630000,0.000000	-20.560000,-86.980000,0.000000	78.400000,28.770000,0.000000	94.020000,-15.740000,0.000000	87.690000,2.820000,0.000000
18.719	-7.200000,-70.630000,0.000000	-26.460000,-87.070000,0.000000	78.270000,27.920000,0.000000	94.020000,-15.740000,0.000000	87.690000,2.820000,0.000000
18.839	-7.200000,-70.630000,0.000000	-28.710000,-87.060000,0.000000	78.450000,26.710000,0.000000	94.020000,-15.740000,0.000000	87.690000,2.820000,0.000000
18.974	-7.200000,-70.630000,0.000000	-30.240000,-87.090000,0.000000	78.740000,25.850000,0.000000	94.020000,-15.740000,0.000000	87.690000,2.820000,0.000000
19.110	-7.200000,-70.630000,0.000000	-31.710000,-87.270000,0.000000	78.860000,24.720000,0.000000	94.020000,-15.740000,0.000000	87.690000,2.820000,0.000000
19.229	-7.200000,-70.630000,0.000000	-23.840000,-87.460000,0.000000	79.290000,23.650000,0.000000	94.020000,-15.740000,0.000000	87.690000,2.820000,0.000000
19.364	-7.200000,-70.630000,0.000000	-21.420000,-87.430000,0.000000	79.740000,22.700000,0.000000	94.020000,-15.740000,0.000000	87.690000,2.820000,0.000000
19.500	-7.200000,-70.630000,0.000000	-23.910000,-87.400000,0.000000	80.220000,21.770000,0.000000	94.020000,-15.740000,0.000000	87.690000,2.820000,0.000000
19.619	-7.200000,-70.630000,0.000000	-21.870000,-87.410000,0.000000	80.270000,20.280000,0.000000	94.020000,-15.740000,0.000000	87.690000,2.820000,0.000000
19.754	-7.200000,-70.630000,0.000000	-16.690000,-87.440000,0.000000	80.550000,18.990000,0.000000	94.020000,-15.740000,0.000000	87.690000,2.820000,0.000000
19.889	-7.200000,-70.630000,0.000000	-15.840000,-87.350000,0.000000	80.800000,17.460000,0.000000	94.020000,-15.740000,0.000000	87.690000,2.820000,0.000000
20.010	-7.200000,-70.630000,0.000000	-15.060000,-87.220000,0.000000	80.910000,16.070000,0.000000	94.020000,-15.740000,0.000000	87.690000,2.820000,0.000000
20.144	-7.200000,-70.630000,0.000000	-14.260000,-87.270000,0.000000	80.940000,15.010000,0.000000	94.020000,-15.740000,0.000000	87.690000,2.820000,0.000000
20.280	-7.200000,-70.630000,0.000000	-9.750000,-87.260000,0.000000	81.030000,14.170000,0.000000	94.020000,-15.740000,0.000000	87.690000,2.820000,0.000000
20.400	-7.200000,-70.630000,0.000000	-0.250000,-87.660000,0.000000	81.420000,13.530000,0.000000	94.020000,-15.740000,0.000000	87.690000,2.820000,0.000000
20.534	-7.200000,-70.630000,0.000000	1.900000,-87.480000,0.000000	81.340000,12.530000,0.000000	94.020000,-15.740000,0.000000	87.690000,2.820000,0.000000
20.670	-7.200000,-70.630000,0.000000	3.300000,-87.290000,0.000000	81.410000,12.150000,0.000000	94.020000,-15.740000,0.000000	87.690000,2.820000,0.000000
20.789	-7.200000,-70.630000,0.000000	2.010000,-87.300000,0.000000	81.660000,11.230000,0.000000	94.020000,-15.740000,0.000000	87.690000,2.820000,0.000000
20.925	-7.200000,-70.630000,0.000000	5.030000,-87.320000,0.000000	81.830000,10.710000,0.000000	94.020000,-15.740000,0.000000	87.690000,2.820000,0.000000
21.059	-7.200000,-70.630000,0.000000	6.520000,-86.810000,0.000000	82.090000,9.520000,0.000000	94.020000,-15.740000,0.000000	87.690000,2.820000,0.000000
21.180	-7.200000,-70.630000,0.000000	3.670000,-86.850000,0.000000	81.800000,8.450000,0.000000	94.020000,-15.740000,0.000000	87.690000,2.820000,0.000000
21.314	-7.200000,-70.630000,0.000000	2.830000,-86.880000,0.000000	81.430000,8.250000,0.000000	94.020000,-15.740000,0.000000	87.690000,2.820000,0.000000
21.450	-7.200000,-70.630000,0.000000	-0.010000,-86.780000,0.000000	81.370000,7.270000,0.000000	94.020000,-15.740000,0.000000	87.690000,2.820000,0.000000
21.570	-7.200000,-70.630000,0.000000	-15.100000,-86.830000,0.000000	81.480000,6.880000,0.000000	94.020000,-15.740000,0.000000	87.690000,2.820000,0.000000
21.704	-7.200000,-70.630000,0.000000	-22.140000,-86.720000,0.000000	81.800000,6.490000,0.000000	94.020000,-15.740000,0.000000	87.690000,2.820000,0.000000
21.840	-7.200000,-70.630000,0.000000	-23.490000,-86.800000,0.000000	81.780000,5.560000,0.000000	94.020000,-15.740000,0.000000	87.690000,2.820000,0.000000
21.959	-7.200000,-70.630000,0.000000	-28.230000,-86.840000,0.000000	82.050000,4.950000,0.000000	94.020000,-15.740000,0.000000	87.690000,2.820000,0.000000
22.094	-7.200000,-70.630000,0.000000	-38.200000,-86.900000,0.000000	82.220000,4.790000,0.000000	94.020000,-15.740000,0.000000	87.690000,2.820000,0.000000
22.229	-7.200000,-70.630000,0.000000	-41.660000,-87.100000,0.000000	82.550000,4.590000,0.000000	94.020000,-15.740000,0.000000	87.690000,2.820000,0.000000
22.350	-7.200000,-70.630000,0.000000	-46.060000,-87.430000,0.000000	82.740000,4.450000,0.000000	94.020000,-15.740000,0.000000	87.690000,2.820000,0.000000
22.485	-7.200000,-70.630000,0.000000	-44.480000,-87.610000,0.000000	82.930000,4.320000,0.000000	94.020000,-15.740000,0.000000	87.690000,2.820000,0.000000
22.620	-7.200000,-70.630000,0.000000	-52.190000,-87.660000,0.000000	83.140000,4.080000,0.000000	94.020000,-15.740000,0.000000	87.690000,2.820000,0.000000
22.739	-7.200000,-70.630000,0.000000	-55.630000,-87.790000,0.000000	83.430000,4.070000,0.000000	94.020000,-15.740000,0.000000	87.690000,2.820000,0.000000
22.874	-7.200000,-70.630000,0.000000	-56.800000,-88.000000,0.000000	83.340000,3.880000,0.000000	94.020000,-15.740000,0.000000	87.690000,2.820000,0.000000
23.010	-7.200000,-70.630000,0.000000	-50.970000,-88.130000,0.000000	83.180000,3.810000,0.000000	94.020000,-15.740000,0.000000	87.690000,2.820000,0.000000
23.129	-7.200000,-70.630000,0.000000	-65.470000,-88.220000,0.000000	83.430000,3.490000,0.000000	94.020000,-15.740000,0.000000	87.690000,2.820000,0.000000
23.264	-7.200000,-70.630000,0.000000	-67.620000,-88.440000,0.000000	83.980000,3.660000,0.000000	94.020000,-15.740000,0.000000	87.690000,2.820000,0.000000
23.400	-7.200000,-70.630000,0.000000	-71.140000,-88.440000,0.000000	84.400000,3.870000,0.000000	94.020000,-15.740000,0.000000	87.690000,2.820000,0.000000
23.519	-7.200000,-70.630000,0.000000	-63.420000,-88.690000,0.000000	84.590000,4.330000,0.000000	94.020000,-15.740000,0.000000	87.690000,2.820000,0.000000
23.654	-7.200000,-70.630000,0.000000	-57.190000,-88.920000,0.000000	84.680000,4.510000,0.000000	94.020000,-15.740000,0.000000	87.690000,2.820000,0.000000
23.789	-7.200000,-70.630000,0.000000	-41.550000,-89.020000,0.000000	84.780000,4.750000,0.000000	94.020000,-15.740000,0.000000	87.690000,2.820000,0.000000
23.910	-7.200000,-70.630000,0.000000	-53.680000,-89.160000,0.000000	84.980000,4.880000,0.000000	94.020000,-15.740000,0.000000	87.690000,2.820000,0.000000
24.044	-7.200000,-70.630000,0.000000	-18.510000,-89.320000,0.000000	84.770000,4.920000,0.000000	94.020000,-15.740000,0.000000	87.690000,2.820000,0.000000
24.180	-7.200000,-70.630000,0.000000	4.930000,-89.380000,0.000000	84.850000,5.350000,0.000000	94.020000,-15.740000,0.000000	87.690000,2.820000,0.000000
24.300	-7.200000,-70.630000,0.000000	14.470000,-89.420000,0.000000	85.010000,5.460000,0.000000	94.020000,-15.740000,0.000000	87.690000,2.820000,0.000000
24.434	-7.200000,-70.630000,0.000000	33.190000,-89.420000,0.000000	85.290000,5.690000,0.000000	94.020000,-15.740000,0.000000	87.690000,2.820000,0.000000
24.570	-7.200000,-70.630000,0.000000	51.860000,-89.370000,0.000000	85.420000,5.960000,0.000000	94.020000,-15.740000,0.000000	87.690000,2.820000,0.000000
24.705	-7.200000,-70.630000,0.000000	70.110000,-89.410000,0.000000	85.500000,6.060000,0.000000	94.020000,-15.740000,0.000000	87.690000,2.820000,0.000000
24.824	-7.200000,-70.630000,0.000000	85.150000,-89.210000,0.000000	85.210000,6.230000,0.000000	94.020000,-15.740000,0.000000	87.690000,2.820000,0.000000
24.959	-7.200000,-70.630000,0.000000	100.990000,-89.320000,0.000000	85.270000,6.230000,0.000000	94.020000,-15.740000,0.000000	87.690000,2.820000,0.000000
25.080	-7.200000,-70.630000,0.000000	103.640000,-89.080000,0.000000	85.050000,6.350000,0.000000	94.020000,-15.740000,0.000000	87.690000,2.820000,0.000000
25.214	-7.200000,-70.630000,0.000000	110.500000,-89.010000,0.000000	85.130000,6.500000,0.000000	94.020000,-15.740000,0.000000	87.690000,2.820000,0.000000
25.349	-7.200000,-70.630000,0.000000	113.240000,-88.880000,0.000000	84.960000,6.570000,0.000000	94.020000,-15.740000,0.000000	87.690000,2.820000,0.000000
25.469	-7.200000,-70.630000,0.000000	115.080000,-88.730000,0.000000	84.690000,6.440000,0.000000	94.020000,-15.740000,0.000000	87.690000,2.820000,0.000000
25.604	-7.200000,-70.630000,0.000000	116.320000,-88.640000,0.000000	84.570000,6.430000,0.000000	94.020000,-15.740000,0.000000	87.690000,2.820000,0.000000
25.739	-7.200000,-70.630000,0.000000	117.110000,-88.550000,0.000000	84.420000,6.370000,0.000000	94.020000,-15.740000,0.000000	87.690000,2.820000,0.000000
25.859	-7.200000,-70.630000,0.000000	119.050000,-88.520000,0.000000	84.530000,6.010000,0.000000	94.020000,-15.740000,0.000000	87.690000,2.820000,0.000000
25.994	-7.200000,-70.630000,0.000000	124.250000,-88.550000,0.000000	84.520000,5.740000,0.000000	94.020000,-15.740000,0.000000	87.690000,2.820000,0.000000
26.129	-7.200000,-70.630000,0.000000	125.450000,-88.550000,0.000000	84.660000,5.660000,0.000000	94.020000,-15.740000,0.000000	87.690000,2.820000,0.000000
26.249	-7.200000,-70.630000,0.000000	130.230000,-88.350000,0.000000	84.600000,5.930000,0.000000	94.020000,-15.740000,0.000000	87.690000,2.820000,0.000000
26.384	-7.200000,-70.630000,0.000000	127.800000,-87.220000,0.000000	84.300000,6.840000,0.000000	94.020000,-15.740000,0.000000	87.690000,2.820000,0.000000
26.519	-7.200000,-70.630000,0.000000	126.860000,-85.380000,0.000000	84.130000,7.360000,0.000000	94.020000,-15.740000,0.000000	87.690000,2.820000,0.000000
26.640	-7.200000,-70.630000,0.000000	126.320000,-83.070000,0.000000	83.610000,8.520000,0.000000	94.020000,-15.740000,0.000000	87.690000,2.820000,0.000000
26.774	-7.200000,-70.630000,0.000000	124.210000,-79.390000,0.000000	83.370000,9.600000,0.000000	94.020000,-15.740000,0.000000	87.690000,2.820000,0.000000
26.910	-7.200000,-70.630000,0.000000	122.330000,-73.250000,0.000000	82.950000,9.900000,0.000000	94.020000,-15.740000,0.000000	87.690000,2.820000,0.000000
27.029	-7.200000,-70.630000,0.000000	119.330000,-66.950000,0.000000	82.560000,10.240000,0.000000	94.020000,-15.740000,0.000000	87.690000,2.820000,0.000000
27.165	-7.200000,-70.630000,0.000000	116.760000,-60.070000,0.000000	82.610000,10.980000,0.000000	94.020000,-15.740000,0.000000	87.690000,2.820000,0.000000
27.300	-7.200000,-70.630000,0.000000	115.040000,-54.040000,0.000000	84.440000,10.400000,0.000000	94.020000,-15.740000,0.000000	87.690000,2.820000,0.000000
27.419	-7.200000,-70.630000,0.000000	113.790000,-47.480000,0.000000	85.420000,10.850000,0.000000	94.020000,-15.740000,0.000000	87.690000,2.820000,0.000000
27.554	-7.200000,-70.630000,0.000000	111.880000,-40.870000,0.000000	85.560000,10.010000,0.000000	94.020000,-15.740000,0.000000	87.690000,2.820000,0.000000
27.689	-7.200000,-70.630000,0.000000	109.910000,-34.250000,0.000000	86.400000,8.330000,0.000000	94.020000,-15.740000,0.000000	87.690000,2.820000,0.000000
27.810	-7.200000,-70.630000,0.000000	108.330000,-29.280000,0.000000	86.880000,6.970000,0.000000	94.020000,-15.740000,0.000000	87.690000,2.820000,0.000000
27.944	-7.200000,-70.630000,0.000000	106.670000,-24.500000,0.000000	87.420000,5.960000,0.000000	94.020000,-15.740000,0.000000	87.690000,2.820000,0.000000
28.079	-7.200000,-70.630000,0.000000	105.060000,-20.280000,0.000000	87.610000,5.340000,0.000000	94.020000,-15.740000,0.000000	87.690000,2.820000,0.000000
28.199	-7.200000,-70.630000,0.000000	103.580000,-17.030000,0.000000	88.270000,4.400000,0.000000	94.020000,-15.740000,0.000000	87.690000,2.820000,0.000000
28.333	-7.200000,-70.630000,0.000000	102.270000,-14.280000,0.000000	88.830000,3.530000,0.000000	94.020000,-15.740000,0.000000	87.690000,2.820000,0.000000
28.469	-7.200000,-70.630000,0.000000	101.060000,-12.050000,0.000000	89.300000,2.840000,0.000000	94.020000,-15.740000,0.000000	87.690000,2.820000,0.000000
28.589	-7.200000,-70.630000,0.000000	99.850000,-10.400000,0.000000	89.890000,2.250000,0.000000	94.020000,-15.740000,0.000000	87.690000,2.820000,0.000000
28.724	-7.200000,-70.630000,0.000000	98.830000,-8.870000,0.000000	89.920000,2.150000,0.000000	94.020000,-15.740000,0.000000	87.690000,2.820000,0.000000
28.859	-7.200000,-70.630000,0.000000	97.950000,-7.980000,0.000000	89.890000,1.630000,0.000000	94.020000,-15.740000,0.000000	87.690000,2.820000,0.000000
28.979	-7.200000,-70.630000,0.000000	97.200000,-7.240000,0.000000	89.810000,1.360000,0.000000	94.020000,-15.740000,0.000000	87.690000,2.820000,0.000000
29.114	-7.200000,-70.630000,0.000000	96.540000,-6.690000,0.000000	89.840000,1.370000,0.000000	94.020000,-15.740000,0.000000	87.690000,2.820000,0.000000
29.249	-7.200000,-70.630000,0.000000	95.980000,-6.520000,0.000000	89.790000,1.310000,0.000000	94.020000,-15.740000,0.000000	87.690000,2.820000,0.000000
29.369	-7.200000,-70.630000,0.000000	95.420000,-6.540000,0.000000	89.660000,1.210000,0.000000	94.020000,-15.740000,0.000000	87.690000,2.820000,0.000000
29.503	-7.200000,-70.630000,0.000000	94.930000,-6.750000,0.000000	89.600000,1.160000,0.000000	94.020000,-15.740000,0.000000	87.690000,2.820000,0.000000
29.639	-7.200000,-70.630000,0.000000	94.560000,-7.170000,0.000000	89.460000,1.150000,0.000000	94.020000,-15.740000,0.000000	87.690000,2.820000,0.000000
29.759	-7.200000,-70.630000,0.000000	94.250000,-7.550000,0.000000	89.320000,1.390000,0.000000	94.020000,-15.740000,0.000000	87.690000,2.820000,0.000000
29.894	-7.200000,-70.630000,0.000000	93.950000,-8.080000,0.000000	89.190000,1.440000,0.000000	94.020000,-15.740000,0.000000	87.690000,2.820000,0.000000
