0.00000	24.160000,-75.190000,0.000000	92.430000,-7.330000,0.000000	92.700000,-13.120000,0.000000	92.430000,-7.330000,0.000000	92.700000,-13.120000,0.000000
0.05464	24.570000,-75.190000,0.000000	92.500000,-7.090000,0.000000	92.710000,-12.620000,0.000000	92.430000,-7.330000,0.000000	92.700000,-13.120000,0.000000
0.08972	25.410000,-75.230000,0.000000	92.310000,-6.860000,0.000000	92.500000,-12.500000,0.000000	92.430000,-7.330000,0.000000	92.700000,-13.120000,0.000000
0.13507	25.060000,-75.280000,0.000000	92.110000,-6.760000,0.000000	92.290000,-12.810000,0.000000	92.430000,-7.330000,0.000000	92.700000,-13.120000,0.000000
0.18818	24.700000,-75.390000,0.000000	92.060000,-6.610000,0.000000	92.080000,-12.540000,0.000000	92.430000,-7.330000,0.000000	92.700000,-13.120000,0.000000
0.22246	23.670000,-75.450000,0.000000	92.050000,-6.410000,0.000000	91.830000,-12.660000,0.000000	92.430000,-7.330000,0.000000	92.700000,-13.120000,0.000000
0.26811	23.300000,-75.430000,0.000000	92.020000,-6.000000,0.000000	91.740000,-12.770000,0.000000	92.430000,-7.330000,0.000000	92.700000,-13.120000,0.000000
0.32445	22.570000,-75.480000,0.000000	91.740000,-5.500000,0.000000	91.600000,-12.420000,0.000000	92.430000,-7.330000,0.000000	92.700000,-13.120000,0.000000
0.36000	22.200000,-75.490000,0.000000	91.710000,-4.920000,0.000000	91.420000,-12.250000,0.000000	92.430000,-7.330000,0.000000	92.700000,-13.120000,0.000000
0.40255	20.640000,-75.580000,0.000000	91.640000,-4.710000,0.000000	91.220000,-12.070000,0.000000	92.430000,-7.330000,0.000000	92.700000,-13.120000,0.000000
0.45067	18.850000,-75.570000,0.000000	91.480000,-4.480000,0.000000	90.910000,-12.150000,0.000000	92.430000,-7.330000,0.000000	92.700000,-13.120000,0.000000
0.50186	17.560000,-75.610000,0.000000	91.360000,-4.280000,0.000000	90.660000,-11.950000,0.000000	92.430000,-7.330000,0.000000	92.700000,-13.120000,0.000000
0.55323	16.120000,-75.650000,0.000000	91.230000,-4.000000,0.000000	90.430000,-11.840000,0.000000	92.430000,-7.330000,0.000000	92.700000,-13.120000,0.000000
0.58930	15.490000,-75.670000,0.000000	91.130000,-3.590000,0.000000	90.090000,-11.760000,0.000000	92.430000,-7.330000,0.000000	92.700000,-13.120000,0.000000
0.64754	14.110000,-75.690000,0.000000	90.970000,-3.300000,0.000000	89.740000,-11.740000,0.000000	92.430000,-7.330000,0.000000	92.700000,-13.120000,0.000000
0.67986	12.950000,-75.550000,0.000000	90.900000,-2.940000,0.000000	89.390000,-11.720000,0.000000	92.430000,-7.330000,0.000000	92.700000,-13.120000,0.000000
0.72564	11.990000,-75.610000,0.000000	90.790000,-2.490000,0.000000	89.120000,-11.580000,0.000000	92.430000,-7.330000,0.000000	92.700000,-13.120000,0.000000
0.77356	10.120000,-75.630000,0.000000	90.660000,-2.090000,0.000000	88.840000,-11.520000,0.000000	92.430000,-7.330000,0.000000	92.700000,-13.120000,0.000000
0.81596	9.110000,-75.610000,0.000000	90.440000,-1.650000,0.000000	88.560000,-11.490000,0.000000	92.430000,-7.330000,0.000000	92.700000,-13.120000,0.000000
0.85490	8.160000,-75.720000,0.000000	90.260000,-1.230000,0.000000	88.260000,-11.360000,0.000000	92.430000,-7.330000,0.000000	92.700000,-13.120000,0.000000
0.90221	6.990000,-75.930000,0.000000	90.130000,-0.950000,0.000000	87.920000,-11.150000,0.000000	92.430000,-7.330000,0.000000	92.700000,-13.120000,0.000000
0.94656	5.420000,-76.110000,0.000000	90.130000,-0.820000,0.000000	87.630000,-10.970000,0.000000	92.430000,-7.330000,0.000000	92.700000,-13.120000,0.000000
0.98384	4.790000,-76.160000,0.000000	90.060000,-0.740000,0.000000	87.520000,-11.100000,0.000000	92.430000,-7.330000,0.000000	92.700000,-13.120000,0.000000
1.04054	4.200000,-76.330000,0.000000	90.080000,-0.570000,0.000000	87.350000,-11.000000,0.000000	92.430000,-7.330000,0.000000	92.700000,-13.120000,0.000000
1.08510	3.800000,-76.680000,0.000000	90.070000,-0.330000,0.000000	87.160000,-10.820000,0.000000	92.430000,-7.330000,0.000000	92.700000,-13.120000,0.000000
1.12172	3.270000,-76.910000,0.000000	90.020000,-0.120000,0.000000	86.980000,-10.840000,0.000000	92.430000,-7.330000,0.000000	92.700000,-13.120000,0.000000
1.17224	2.800000,-77.030000,0.000000	89.910000,0.050000,0.000000	86.780000,-10.890000,0.000000	92.430000,-7.330000,0.000000	92.700000,-13.120000,0.000000
1.21803	2.640000,-77.280000,0.000000	89.770000,0.240000,0.000000	86.580000,-10.930000,0.000000	92.430000,-7.330000,0.000000	92.700000,-13.120000,0.000000
1.26488	1.990000,-77.490000,0.000000	89.720000,0.380000,0.000000	86.400000,-10.890000,0.000000	92.430000,-7.330000,0.000000	92.700000,-13.120000,0.000000
1.33254	1.170000,-77.670000,0.000000	89.650000,0.470000,0.000000	86.210000,-10.830000,0.000000	92.430000,-7.330000,0.000000	92.700000,-13.120000,0.000000
1.44770	1.050000,-77.760000,0.000000	89.640000,0.640000,0.000000	86.120000,-10.810000,0.000000	92.430000,-7.330000,0.000000	92.700000,-13.120000,0.000000
1.46103	1.400000,-77.840000,0.000000	89.640000,0.890000,0.000000	86.010000,-10.900000,0.000000	92.430000,-7.330000,0.000000	92.700000,-13.120000,0.000000
1.46441	1.860000,-77.920000,0.000000	89.700000,1.110000,0.000000	85.900000,-10.770000,0.000000	92.430000,-7.330000,0.000000	92.700000,-13.120000,0.000000
1.51924	2.640000,-78.010000,0.000000	89.750000,1.390000,0.000000	85.850000,-10.730000,0.000000	92.430000,-7.330000,0.000000	92.700000,-13.120000,0.000000
1.58413	2.810000,-78.160000,0.000000	89.880000,1.560000,0.000000	85.880000,-10.640000,0.000000	92.430000,-7.330000,0.000000	92.700000,-13.120000,0.000000
1.58624	2.730000,-78.290000,0.000000	89.960000,1.740000,0.000000	85.900000,-10.660000,0.000000	92.430000,-7.330000,0.000000	92.700000,-13.120000,0.000000
1.63486	2.920000,-78.380000,0.000000	90.000000,1.870000,0.000000	85.830000,-10.700000,0.000000	92.430000,-7.330000,0.000000	92.700000,-13.120000,0.000000
1.69737	3.540000,-78.500000,0.000000	90.120000,2.030000,0.000000	85.880000,-10.750000,0.000000	92.430000,-7.330000,0.000000	92.700000,-13.120000,0.000000
1.75465	3.910000,-78.570000,0.000000	90.200000,2.090000,0.000000	85.890000,-10.810000,0.000000	92.430000,-7.330000,0.000000	92.700000,-13.120000,0.000000
1.76544	4.260000,-78.730000,0.000000	90.220000,2.120000,0.000000	85.880000,-10.860000,0.000000	92.430000,-7.330000,0.000000	92.700000,-13.120000,0.000000
1.81897	4.010000,-78.880000,0.000000	90.320000,2.090000,0.000000	85.900000,-10.920000,0.000000	92.430000,-7.330000,0.000000	92.700000,-13.120000,0.000000
1.87249	4.010000,-78.960000,0.000000	90.380000,2.070000,0.000000	85.940000,-11.060000,0.000000	92.430000,-7.330000,0.000000	92.700000,-13.120000,0.000000
1.93576	4.280000,-79.070000,0.000000	90.490000,2.120000,0.000000	85.940000,-11.130000,0.000000	92.430000,-7.330000,0.000000	92.700000,-13.120000,0.000000
1.94283	4.690000,-79.080000,0.000000	90.610000,2.160000,0.000000	85.970000,-11.090000,0.000000	92.430000,-7.330000,0.000000	92.700000,-13.120000,0.000000
1.99866	5.340000,-79.060000,0.000000	90.730000,2.190000,0.000000	86.140000,-11.240000,0.000000	92.430000,-7.330000,0.000000	92.700000,-13.120000,0.000000
2.11769	5.880000,-79.040000,0.000000	90.800000,2.200000,0.000000	86.080000,-11.410000,0.000000	92.430000,-7.330000,0.000000	92.700000,-13.120000,0.000000
2.12134	6.520000,-79.130000,0.000000	90.990000,2.190000,0.000000	86.130000,-11.330000,0.000000	92.430000,-7.330000,0.000000	92.700000,-13.120000,0.000000
2.12399	6.970000,-79.190000,0.000000	91.110000,2.150000,0.000000	86.240000,-11.210000,0.000000	92.430000,-7.330000,0.000000	92.700000,-13.120000,0.000000
2.18140	7.280000,-79.260000,0.000000	91.210000,2.140000,0.000000	86.260000,-11.190000,0.000000	92.430000,-7.330000,0.000000	92.700000,-13.120000,0.000000
2.23512	7.580000,-79.330000,0.000000	91.230000,2.060000,0.000000	86.200000,-11.090000,0.000000	92.430000,-7.330000,0.000000	92.700000,-13.120000,0.000000
2.29749	7.290000,-79.440000,0.000000	91.220000,1.910000,0.000000	86.140000,-11.060000,0.000000	92.430000,-7.330000,0.000000	92.700000,-13.120000,0.000000
2.30223	6.640000,-79.570000,0.000000	91.180000,1.700000,0.000000	86.130000,-11.180000,0.000000	92.430000,-7.330000,0.000000	92.700000,-13.120000,0.000000
2.35371	6.220000,-79.690000,0.000000	91.130000,1.520000,0.000000	86.080000,-11.170000,0.000000	92.430000,-7.330000,0.000000	92.700000,-13.120000,0.000000
2.41635	5.480000,-79.760000,0.000000	91.030000,1.390000,0.000000	86.000000,-11.350000,0.000000	92.430000,-7.330000,0.000000	92.700000,-13.120000,0.000000
2.47317	4.460000,-79.820000,0.000000	90.900000,1.190000,0.000000	85.950000,-11.420000,0.000000	92.430000,-7.330000,0.000000	92.700000,-13.120000,0.000000
2.48097	4.800000,-79.860000,0.000000	90.880000,1.010000,0.000000	85.870000,-11.500000,0.000000	92.430000,-7.330000,0.000000	92.700000,-13.120000,0.000000
2.53684	4.430000,-79.830000,0.000000	90.810000,0.950000,0.000000	85.850000,-11.560000,0.000000	92.430000,-7.330000,0.000000	92.700000,-13.120000,0.000000
2.59374	4.430000,-79.860000,0.000000	90.800000,0.980000,0.000000	85.860000,-11.440000,0.000000	92.430000,-7.330000,0.000000	92.700000,-13.120000,0.000000
2.65239	4.590000,-79.770000,0.000000	90.850000,1.000000,0.000000	85.870000,-11.380000,0.000000	92.430000,-7.330000,0.000000	92.700000,-13.120000,0.000000
2.66201	4.680000,-79.600000,0.000000	90.980000,0.880000,0.000000	85.880000,-11.740000,0.000000	92.430000,-7.330000,0.000000	92.700000,-13.120000,0.000000
2.71980	4.680000,-79.460000,0.000000	91.050000,0.330000,0.000000	86.210000,-12.780000,0.000000	92.430000,-7.330000,0.000000	92.700000,-13.120000,0.000000
2.78368	3.940000,-79.340000,0.000000	91.210000,-0.640000,0.000000	86.480000,-13.740000,0.000000	92.430000,-7.330000,0.000000	92.700000,-13.120000,0.000000
2.83218	3.940000,-79.220000,0.000000	91.500000,-1.510000,0.000000	87.260000,-13.770000,0.000000	92.430000,-7.330000,0.000000	92.700000,-13.120000,0.000000
2.84248	3.060000,-79.150000,0.000000	91.930000,-2.640000,0.000000	88.060000,-14.120000,0.000000	92.430000,-7.330000,0.000000	92.700000,-13.120000,0.000000
2.89764	2.560000,-78.950000,0.000000	92.040000,-4.110000,0.000000	88.010000,-13.970000,0.000000	92.430000,-7.330000,0.000000	92.700000,-13.120000,0.000000
2.95150	2.510000,-79.160000,0.000000	92.300000,-5.700000,0.000000	88.200000,-13.400000,0.000000	92.430000,-7.330000,0.000000	92.700000,-13.120000,0.000000
3.01851	2.880000,-79.130000,0.000000	92.420000,-7.270000,0.000000	88.090000,-12.410000,0.000000	92.430000,-7.330000,0.000000	92.700000,-13.120000,0.000000
3.02271	3.500000,-79.110000,0.000000	92.800000,-9.130000,0.000000	87.890000,-11.180000,0.000000	92.430000,-7.330000,0.000000	92.700000,-13.120000,0.000000
3.07603	3.770000,-79.040000,0.000000	92.960000,-10.790000,0.000000	87.880000,-9.230000,0.000000	92.430000,-7.330000,0.000000	92.700000,-13.120000,0.000000
3.13543	4.390000,-79.070000,0.000000	93.170000,-12.460000,0.000000	87.780000,-7.270000,0.000000	92.430000,-7.330000,0.000000	92.700000,-13.120000,0.000000
3.25430	3.350000,-79.120000,0.000000	93.130000,-14.880000,0.000000	87.410000,-5.950000,0.000000	92.430000,-7.330000,0.000000	92.700000,-13.120000,0.000000
3.26330	4.270000,-79.110000,0.000000	93.010000,-17.300000,0.000000	87.190000,-4.170000,0.000000	92.430000,-7.330000,0.000000	92.700000,-13.120000,0.000000
3.26627	5.150000,-79.260000,0.000000	93.170000,-20.030000,0.000000	87.180000,-2.410000,0.000000	92.430000,-7.330000,0.000000	92.700000,-13.120000,0.000000
3.31895	4.730000,-79.330000,0.000000	92.810000,-22.920000,0.000000	87.110000,-1.110000,0.000000	92.430000,-7.330000,0.000000	92.700000,-13.120000,0.000000
3.37495	5.600000,-79.460000,0.000000	92.450000,-25.850000,0.000000	87.040000,0.220000,0.000000	92.430000,-7.330000,0.000000	92.700000,-13.120000,0.000000
3.38441	4.860000,-79.660000,0.000000	91.660000,-29.010000,0.000000	86.830000,1.370000,0.000000	92.430000,-7.330000,0.000000	92.700000,-13.120000,0.000000
3.43433	4.560000,-79.940000,0.000000	90.870000,-32.390000,0.000000	86.840000,2.150000,0.000000	92.430000,-7.330000,0.000000	92.700000,-13.120000,0.000000
3.55462	3.800000,-80.230000,0.000000	90.320000,-35.940000,0.000000	86.900000,2.700000,0.000000	92.430000,-7.330000,0.000000	92.700000,-13.120000,0.000000
3.56100	3.670000,-80.770000,0.000000	89.950000,-39.550000,0.000000	87.080000,3.250000,0.000000	92.430000,-7.330000,0.000000	92.700000,-13.120000,0.000000
3.56333	0.730000,-81.280000,0.000000	89.120000,-43.190000,0.000000	87.320000,3.570000,0.000000	92.430000,-7.330000,0.000000	92.700000,-13.120000,0.000000
3.67059	-5.350000,-81.610000,0.000000	86.980000,-47.220000,0.000000	87.520000,3.570000,0.000000	92.430000,-7.330000,0.000000	92.700000,-13.120000,0.000000
3.67874	-11.960000,-82.110000,0.000000	85.920000,-51.020000,0.000000	88.010000,3.530000,0.000000	92.430000,-7.330000,0.000000	92.700000,-13.120000,0.000000
3.73434	-16.770000,-82.330000,0.000000	83.160000,-54.850000,0.000000	88.290000,3.470000,0.000000	92.430000,-7.330000,0.000000	92.700000,-13.120000,0.000000
3.74200	-24.290000,-82.650000,0.000000	78.920000,-58.290000,0.000000	88.800000,3.050000,0.000000	92.430000,-7.330000,0.000000	92.700000,-13.120000,0.000000
3.79905	-33.100000,-82.780000,0.000000	73.060000,-61.540000,0.000000	89.120000,2.520000,0.000000	92.430000,-7.330000,0.000000	92.700000,-13.120000,0.000000
3.85134	-39.660000,-82.940000,0.000000	66.180000,-64.530000,0.000000	89.320000,1.680000,0.000000	92.430000,-7.330000,0.000000	92.700000,-13.120000,0.000000
3.91966	-45.800000,-82.880000,0.000000	58.730000,-67.270000,0.000000	89.410000,0.760000,0.000000	92.430000,-7.330000,0.000000	92.700000,-13.120000,0.000000
3.92216	-53.100000,-83.080000,0.000000	51.460000,-69.920000,0.000000	89.910000,-0.080000,0.000000	92.430000,-7.330000,0.000000	92.700000,-13.120000,0.000000
3.98105	-59.090000,-83.010000,0.000000	44.670000,-72.200000,0.000000	90.010000,-1.080000,0.000000	92.430000,-7.330000,0.000000	92.700000,-13.120000,0.000000
4.04031	-64.430000,-83.100000,0.000000	39.310000,-74.400000,0.000000	90.260000,-1.700000,0.000000	92.430000,-7.330000,0.000000	92.700000,-13.120000,0.000000
4.10177	-70.540000,-83.130000,0.000000	33.470000,-76.430000,0.000000	90.320000,-2.190000,0.000000	92.430000,-7.330000,0.000000	92.700000,-13.120000,0.000000
4.10507	-77.060000,-83.030000,0.000000	28.160000,-78.300000,0.000000	90.460000,-2.640000,0.000000	92.430000,-7.330000,0.000000	92.700000,-13.120000,0.000000
4.15198	-81.690000,-82.980000,0.000000	23.500000,-80.180000,0.000000	90.580000,-3.310000,0.000000	92.430000,-7.330000,0.000000	92.700000,-13.120000,0.000000
4.21780	-87.520000,-83.040000,0.000000	20.300000,-81.820000,0.000000	90.720000,-3.930000,0.000000	92.430000,-7.330000,0.000000	92.700000,-13.120000,0.000000
4.28063	-91.620000,-83.000000,0.000000	16.980000,-83.210000,0.000000	90.670000,-4.530000,0.000000	92.430000,-7.330000,0.000000	92.700000,-13.120000,0.000000
4.28312	-94.630000,-83.110000,0.000000	14.510000,-84.500000,0.000000	90.430000,-5.100000,0.000000	92.430000,-7.330000,0.000000	92.700000,-13.120000,0.000000
4.33786	-98.120000,-83.350000,0.000000	13.050000,-85.570000,0.000000	90.340000,-5.380000,0.000000	92.430000,-7.330000,0.000000	92.700000,-13.120000,0.000000
4.39957	-100.360000,-83.560000,0.000000	11.180000,-86.490000,0.000000	90.220000,-5.970000,0.000000	92.430000,-7.330000,0.000000	92.700000,-13.120000,0.000000
4.45063	-102.970000,-83.510000,0.000000	10.280000,-87.560000,0.000000	90.320000,-6.410000,0.000000	92.430000,-7.330000,0.000000	92.700000,-13.120000,0.000000
4.46417	-105.210000,-83.550000,0.000000	9.610000,-88.580000,0.000000	90.700000,-6.930000,0.000000	92.430000,-7.330000,0.000000	92.700000,-13.120000,0.000000
4.51851	-107.050000,-83.510000,0.000000	9.330000,-89.480000,0.000000	90.690000,-6.960000,0.000000	92.430000,-7.330000,0.000000	92.700000,-13.120000,0.000000
4.58079	-108.770000,-83.610000,0.000000	10.130000,-90.090000,0.000000	90.740000,-7.710000,0.000000	92.430000,-7.330000,0.000000	92.700000,-13.120000,0.000000
4.63503	-109.620000,-83.640000,0.000000	10.830000,-90.640000,0.000000	90.830000,-7.840000,0.000000	92.430000,-7.330000,0.000000	92.700000,-13.120000,0.000000
4.64277	-109.370000,-83.670000,0.000000	12.610000,-91.120000,0.000000	90.850000,-7.960000,0.000000	92.430000,-7.330000,0.000000	92.700000,-13.120000,0.000000
4.69929	-110.190000,-83.760000,0.000000	14.430000,-91.500000,0.000000	90.950000,-8.410000,0.000000	92.430000,-7.330000,0.000000	92.700000,-13.120000,0.000000
4.75112	-109.330000,-83.720000,0.000000	16.350000,-91.710000,0.000000	91.100000,-9.140000,0.000000	92.430000,-7.330000,0.000000	92.700000,-13.120000,0.000000
4.81621	-109.280000,-83.820000,0.000000	18.580000,-91.810000,0.000000	91.200000,-9.590000,0.000000	92.430000,-7.330000,0.000000	92.700000,-13.120000,0.000000
4.82225	-108.770000,-84.040000,0.000000	20.980000,-91.700000,0.000000	91.160000,-10.620000,0.000000	92.430000,-7.330000,0.000000	92.700000,-13.120000,0.000000
4.88153	-108.720000,-84.150000,0.000000	23.850000,-91.920000,0.000000	91.400000,-11.570000,0.000000	92.430000,-7.330000,0.000000	92.700000,-13.120000,0.000000
4.93733	-110.170000,-84.200000,0.000000	26.230000,-91.890000,0.000000	91.720000,-12.270000,0.000000	92.430000,-7.330000,0.000000	92.700000,-13.120000,0.000000
5.00043	-109.710000,-84.250000,0.000000	28.290000,-91.780000,0.000000	92.010000,-13.460000,0.000000	92.430000,-7.330000,0.000000	92.700000,-13.120000,0.000000
5.00259	-108.910000,-84.390000,0.000000	30.790000,-91.520000,0.000000	91.530000,-15.190000,0.000000	92.430000,-7.330000,0.000000	92.700000,-13.120000,0.000000
5.05274	-108.720000,-84.480000,0.000000	31.720000,-91.330000,0.000000	91.670000,-15.240000,0.000000	92.430000,-7.330000,0.000000	92.700000,-13.120000,0.000000
5.11719	-112.340000,-84.670000,0.000000	35.730000,-91.210000,0.000000	92.740000,-15.360000,0.000000	92.430000,-7.330000,0.000000	92.700000,-13.120000,0.000000
5.18072	-111.880000,-84.890000,0.000000	38.320000,-90.880000,0.000000	92.430000,-15.490000,0.000000	92.430000,-7.330000,0.000000	92.700000,-13.120000,0.000000
5.18423	-111.390000,-84.990000,0.000000	41.290000,-90.350000,0.000000	91.980000,-15.380000,0.000000	92.430000,-7.330000,0.000000	92.700000,-13.120000,0.000000
5.23618	-108.450000,-85.110000,0.000000	43.880000,-89.130000,0.000000	91.530000,-14.840000,0.000000	92.430000,-7.330000,0.000000	92.700000,-13.120000,0.000000
5.29077	-104.970000,-85.330000,0.000000	46.240000,-88.000000,0.000000	91.200000,-13.650000,0.000000	92.430000,-7.330000,0.000000	92.700000,-13.120000,0.000000
5.35869	-103.010000,-85.360000,0.000000	48.190000,-86.820000,0.000000	90.910000,-12.470000,0.000000	92.430000,-7.330000,0.000000	92.700000,-13.120000,0.000000
5.36118	-99.340000,-85.190000,0.000000	50.210000,-85.800000,0.000000	90.380000,-11.190000,0.000000	92.430000,-7.330000,0.000000	92.700000,-13.120000,0.000000
5.41973	-96.630000,-85.140000,0.000000	51.790000,-84.550000,0.000000	89.780000,-9.710000,0.000000	92.430000,-7.330000,0.000000	92.700000,-13.120000,0.000000
5.47132	-93.920000,-84.950000,0.000000	53.320000,-83.330000,0.000000	89.150000,-7.700000,0.000000	92.430000,-7.330000,0.000000	92.700000,-13.120000,0.000000
5.53767	-90.500000,-84.700000,0.000000	55.080000,-82.030000,0.000000	89.350000,-5.130000,0.000000	92.430000,-7.330000,0.000000	92.700000,-13.120000,0.000000
5.54254	-87.860000,-84.330000,0.000000	56.920000,-80.950000,0.000000	89.090000,-2.310000,0.000000	92.430000,-7.330000,0.000000	92.700000,-13.120000,0.000000
5.59882	-84.960000,-84.000000,0.000000	58.410000,-79.790000,0.000000	89.090000,0.720000,0.000000	92.430000,-7.330000,0.000000	92.700000,-13.120000,0.000000
5.65816	-82.490000,-83.600000,0.000000	60.010000,-78.700000,0.000000	89.060000,3.520000,0.000000	92.430000,-7.330000,0.000000	92.700000,-13.120000,0.000000
5.72001	-80.150000,-83.350000,0.000000	61.450000,-77.580000,0.000000	88.960000,6.600000,0.000000	92.430000,-7.330000,0.000000	92.700000,-13.120000,0.000000
5.76808	-77.190000,-83.000000,0.000000	62.880000,-76.430000,0.000000	89.010000,9.650000,0.000000	92.430000,-7.330000,0.000000	92.700000,-13.120000,0.000000
5.78350	-74.260000,-82.800000,0.000000	64.190000,-75.300000,0.000000	89.000000,12.130000,0.000000	92.430000,-7.330000,0.000000	92.700000,-13.120000,0.000000
5.89847	-72.500000,-82.410000,0.000000	65.280000,-74.540000,0.000000	89.110000,13.760000,0.000000	92.430000,-7.330000,0.000000	92.700000,-13.120000,0.000000
5.90154	-69.770000,-82.270000,0.000000	66.280000,-73.760000,0.000000	88.920000,15.250000,0.000000	92.430000,-7.330000,0.000000	92.700000,-13.120000,0.000000
5.90347	-67.820000,-82.130000,0.000000	67.350000,-73.040000,0.000000	88.230000,15.840000,0.000000	92.430000,-7.330000,0.000000	92.700000,-13.120000,0.000000
5.95165	-66.030000,-81.920000,0.000000	68.250000,-72.480000,0.000000	87.590000,16.240000,0.000000	92.430000,-7.330000,0.000000	92.700000,-13.120000,0.000000
6.01399	-64.180000,-81.730000,0.000000	69.150000,-71.760000,0.000000	87.380000,15.710000,0.000000	92.430000,-7.330000,0.000000	92.700000,-13.120000,0.000000
6.08257	-62.720000,-81.730000,0.000000	70.280000,-71.200000,0.000000	87.400000,15.180000,0.000000	92.430000,-7.330000,0.000000	92.700000,-13.120000,0.000000
6.08522	-61.300000,-81.620000,0.000000	71.140000,-70.720000,0.000000	87.310000,13.840000,0.000000	92.430000,-7.330000,0.000000	92.700000,-13.120000,0.000000
6.13330	-60.450000,-81.610000,0.000000	71.970000,-70.300000,0.000000	87.030000,11.880000,0.000000	92.430000,-7.330000,0.000000	92.700000,-13.120000,0.000000
6.18967	-59.750000,-81.570000,0.000000	73.030000,-70.040000,0.000000	87.260000,9.640000,0.000000	92.430000,-7.330000,0.000000	92.700000,-13.120000,0.000000
6.25263	-58.400000,-81.510000,0.000000	73.350000,-69.630000,0.000000	87.220000,7.160000,0.000000	92.430000,-7.330000,0.000000	92.700000,-13.120000,0.000000
6.26476	-57.960000,-81.450000,0.000000	74.440000,-69.490000,0.000000	87.410000,4.660000,0.000000	92.430000,-7.330000,0.000000	92.700000,-13.120000,0.000000
6.32026	-56.710000,-81.560000,0.000000	75.090000,-69.310000,0.000000	87.550000,1.880000,0.000000	92.430000,-7.330000,0.000000	92.700000,-13.120000,0.000000
6.37092	-56.530000,-81.630000,0.000000	75.960000,-69.180000,0.000000	87.820000,-0.420000,0.000000	92.430000,-7.330000,0.000000	92.700000,-13.120000,0.000000
6.43380	-55.570000,-81.690000,0.000000	76.370000,-68.920000,0.000000	88.040000,-2.820000,0.000000	92.430000,-7.330000,0.000000	92.700000,-13.120000,0.000000
6.44135	-55.120000,-81.720000,0.000000	76.590000,-68.770000,0.000000	88.070000,-5.120000,0.000000	92.430000,-7.330000,0.000000	92.700000,-13.120000,0.000000
6.50086	-54.210000,-81.850000,0.000000	76.930000,-68.500000,0.000000	88.020000,-7.260000,0.000000	92.430000,-7.330000,0.000000	92.700000,-13.120000,0.000000
6.55242	-54.050000,-81.920000,0.000000	77.610000,-68.410000,0.000000	88.320000,-8.890000,0.000000	92.430000,-7.330000,0.000000	92.700000,-13.120000,0.000000
6.61701	-53.850000,-81.940000,0.000000	77.520000,-68.140000,0.000000	88.250000,-10.460000,0.000000	92.430000,-7.330000,0.000000	92.700000,-13.120000,0.000000
6.62117	-54.120000,-81.940000,0.000000	77.870000,-68.230000,0.000000	88.420000,-11.700000,0.000000	92.430000,-7.330000,0.000000	92.700000,-13.120000,0.000000
6.66940	-53.660000,-82.050000,0.000000	77.860000,-68.130000,0.000000	88.650000,-12.380000,0.000000	92.430000,-7.330000,0.000000	92.700000,-13.120000,0.000000
6.73396	-53.190000,-81.980000,0.000000	78.210000,-68.000000,0.000000	88.660000,-12.650000,0.000000	92.430000,-7.330000,0.000000	92.700000,-13.120000,0.000000
6.80261	-52.800000,-82.050000,0.000000	77.990000,-68.120000,0.000000	88.820000,-12.430000,0.000000	92.430000,-7.330000,0.000000	92.700000,-13.120000,0.000000
6.80543	-52.630000,-82.090000,0.000000	77.670000,-67.910000,0.000000	88.470000,-11.970000,0.000000	92.430000,-7.330000,0.000000	92.700000,-13.120000,0.000000
6.85387	-52.420000,-82.150000,0.000000	77.560000,-67.830000,0.000000	88.210000,-10.980000,0.000000	92.430000,-7.330000,0.000000	92.700000,-13.120000,0.000000
6.91731	-51.290000,-82.240000,0.000000	77.500000,-67.610000,0.000000	88.030000,-9.460000,0.000000	92.430000,-7.330000,0.000000	92.700000,-13.120000,0.000000
6.98078	-50.790000,-82.200000,0.000000	77.420000,-67.470000,0.000000	88.230000,-7.630000,0.000000	92.430000,-7.330000,0.000000	92.700000,-13.120000,0.000000
6.98466	-49.590000,-82.120000,0.000000	77.250000,-67.370000,0.000000	88.550000,-5.690000,0.000000	92.430000,-7.330000,0.000000	92.700000,-13.120000,0.000000
7.03776	-49.430000,-82.110000,0.000000	77.120000,-67.270000,0.000000	88.550000,-3.760000,0.000000	92.430000,-7.330000,0.000000	92.700000,-13.120000,0.000000
7.09786	-50.400000,-82.030000,0.000000	77.130000,-67.470000,0.000000	89.020000,-1.440000,0.000000	92.430000,-7.330000,0.000000	92.700000,-13.120000,0.000000
7.15183	-49.930000,-82.020000,0.000000	76.630000,-67.450000,0.000000	89.460000,1.120000,0.000000	92.430000,-7.330000,0.000000	92.700000,-13.120000,0.000000
7.16386	-50.500000,-81.950000,0.000000	76.050000,-67.520000,0.000000	89.940000,3.570000,0.000000	92.430000,-7.330000,0.000000	92.700000,-13.120000,0.000000
7.21803	-50.280000,-81.930000,0.000000	75.770000,-67.250000,0.000000	90.510000,5.970000,0.000000	92.430000,-7.330000,0.000000	92.700000,-13.120000,0.000000
7.26676	-49.710000,-81.900000,0.000000	75.390000,-66.890000,0.000000	90.720000,8.270000,0.000000	92.430000,-7.330000,0.000000	92.700000,-13.120000,0.000000
7.33927	-50.040000,-81.820000,0.000000	75.220000,-66.910000,0.000000	91.140000,10.070000,0.000000	92.430000,-7.330000,0.000000	92.700000,-13.120000,0.000000
7.34163	-50.020000,-81.870000,0.000000	74.910000,-66.800000,0.000000	90.810000,11.400000,0.000000	92.430000,-7.330000,0.000000	92.700000,-13.120000,0.000000
7.39950	-50.730000,-81.750000,0.000000	74.980000,-67.180000,0.000000	91.320000,12.110000,0.000000	92.430000,-7.330000,0.000000	92.700000,-13.120000,0.000000
7.45056	-50.610000,-81.800000,0.000000	75.000000,-67.250000,0.000000	91.150000,12.190000,0.000000	92.430000,-7.330000,0.000000	92.700000,-13.120000,0.000000
7.51844	-51.330000,-81.770000,0.000000	74.520000,-67.360000,0.000000	90.970000,12.110000,0.000000	92.430000,-7.330000,0.000000	92.700000,-13.120000,0.000000
7.52277	-52.200000,-81.710000,0.000000	74.570000,-67.570000,0.000000	90.620000,11.960000,0.000000	92.430000,-7.330000,0.000000	92.700000,-13.120000,0.000000
7.58079	-53.030000,-81.780000,0.000000	74.640000,-67.590000,0.000000	90.520000,10.650000,0.000000	92.430000,-7.330000,0.000000	92.700000,-13.120000,0.000000
7.63309	-53.530000,-81.770000,0.000000	74.170000,-67.940000,0.000000	90.180000,9.760000,0.000000	92.430000,-7.330000,0.000000	92.700000,-13.120000,0.000000
7.70157	-56.790000,-81.770000,0.000000	74.750000,-68.010000,0.000000	90.210000,8.420000,0.000000	92.430000,-7.330000,0.000000	92.700000,-13.120000,0.000000
7.70376	-58.080000,-82.210000,0.000000	74.840000,-68.100000,0.000000	89.420000,7.810000,0.000000	92.430000,-7.330000,0.000000	92.700000,-13.120000,0.000000
7.75332	-61.010000,-82.280000,0.000000	75.480000,-67.810000,0.000000	89.410000,6.570000,0.000000	92.430000,-7.330000,0.000000	92.700000,-13.120000,0.000000
7.81919	-62.520000,-82.550000,0.000000	75.790000,-67.360000,0.000000	89.010000,5.980000,0.000000	92.430000,-7.330000,0.000000	92.700000,-13.120000,0.000000
7.87776	-63.050000,-82.660000,0.000000	76.070000,-66.200000,0.000000	88.640000,4.860000,0.000000	92.430000,-7.330000,0.000000	92.700000,-13.120000,0.000000
7.88320	-60.780000,-82.770000,0.000000	76.600000,-65.060000,0.000000	87.660000,5.200000,0.000000	92.430000,-7.330000,0.000000	92.700000,-13.120000,0.000000
7.93225	-62.340000,-82.880000,0.000000	78.010000,-63.740000,0.000000	87.850000,3.960000,0.000000	92.430000,-7.330000,0.000000	92.700000,-13.120000,0.000000
8.00027	-58.310000,-83.030000,0.000000	78.700000,-62.020000,0.000000	87.540000,4.100000,0.000000	92.430000,-7.330000,0.000000	92.700000,-13.120000,0.000000
8.05368	-58.190000,-83.180000,0.000000	80.400000,-60.130000,0.000000	87.570000,2.990000,0.000000	92.430000,-7.330000,0.000000	92.700000,-13.120000,0.000000
8.06062	-54.510000,-83.140000,0.000000	81.550000,-58.130000,0.000000	86.990000,2.870000,0.000000	92.430000,-7.330000,0.000000	92.700000,-13.120000,0.000000
8.11897	-54.620000,-83.160000,0.000000	82.890000,-55.780000,0.000000	86.940000,1.720000,0.000000	92.430000,-7.330000,0.000000	92.700000,-13.120000,0.000000
8.17807	-51.540000,-83.140000,0.000000	83.580000,-53.230000,0.000000	86.470000,1.630000,0.000000	92.430000,-7.330000,0.000000	92.700000,-13.120000,0.000000
8.23921	-48.060000,-83.210000,0.000000	84.680000,-50.220000,0.000000	86.490000,0.990000,0.000000	92.430000,-7.330000,0.000000	92.700000,-13.120000,0.000000
8.24193	-42.350000,-83.130000,0.000000	85.360000,-47.200000,0.000000	85.900000,0.360000,0.000000	92.430000,-7.330000,0.000000	92.700000,-13.120000,0.000000
8.29818	-40.760000,-83.100000,0.000000	86.040000,-44.300000,0.000000	85.760000,-0.000000,0.000000	92.430000,-7.330000,0.000000	92.700000,-13.120000,0.000000
8.41654	-37.330000,-83.010000,0.000000	86.820000,-41.200000,0.000000	85.470000,-0.460000,0.000000	92.430000,-7.330000,0.000000	92.700000,-13.120000,0.000000
8.42164	-34.180000,-82.870000,0.000000	87.580000,-38.240000,0.000000	85.210000,-0.890000,0.000000	92.430000,-7.330000,0.000000	92.700000,-13.120000,0.000000
8.42492	-31.710000,-82.630000,0.000000	88.310000,-35.090000,0.000000	85.160000,-1.650000,0.000000	92.430000,-7.330000,0.000000	92.700000,-13.120000,0.000000
8.48066	-28.170000,-82.340000,0.000000	88.910000,-31.890000,0.000000	85.080000,-1.720000,0.000000	92.430000,-7.330000,0.000000	92.700000,-13.120000,0.000000
8.53787	-25.100000,-82.130000,0.000000	89.410000,-28.590000,0.000000	85.350000,-2.500000,0.000000	92.430000,-7.330000,0.000000	92.700000,-13.120000,0.000000
8.59789	-21.140000,-81.730000,0.000000	90.090000,-25.290000,0.000000	85.340000,-1.990000,0.000000	92.430000,-7.330000,0.000000	92.700000,-13.120000,0.000000
8.60222	-21.040000,-81.460000,0.000000	90.760000,-22.290000,0.000000	85.650000,-4.130000,0.000000	92.430000,-7.330000,0.000000	92.700000,-13.120000,0.000000
8.66138	-18.290000,-81.110000,0.000000	91.450000,-19.330000,0.000000	85.450000,-4.690000,0.000000	92.430000,-7.330000,0.000000	92.700000,-13.120000,0.000000
8.72012	-15.970000,-80.860000,0.000000	92.130000,-16.960000,0.000000	85.880000,-6.190000,0.000000	92.430000,-7.330000,0.000000	92.700000,-13.120000,0.000000
8.76861	-13.810000,-80.570000,0.000000	92.830000,-14.180000,0.000000	86.160000,-6.740000,0.000000	92.430000,-7.330000,0.000000	92.700000,-13.120000,0.000000
8.78400	-10.500000,-80.310000,0.000000	93.590000,-11.450000,0.000000	85.840000,-6.830000,0.000000	92.430000,-7.330000,0.000000	92.700000,-13.120000,0.000000
8.84030	-7.960000,-80.240000,0.000000	94.200000,-8.590000,0.000000	86.150000,-6.790000,0.000000	92.430000,-7.330000,0.000000	92.700000,-13.120000,0.000000
8.90069	-5.120000,-80.000000,0.000000	94.790000,-5.890000,0.000000	86.250000,-6.850000,0.000000	92.430000,-7.330000,0.000000	92.700000,-13.120000,0.000000
8.95736	-2.430000,-79.720000,0.000000	95.210000,-3.410000,0.000000	86.250000,-7.360000,0.000000	92.430000,-7.330000,0.000000	92.700000,-13.120000,0.000000
8.96230	-0.350000,-79.510000,0.000000	95.640000,-1.200000,0.000000	86.530000,-7.870000,0.000000	92.430000,-7.330000,0.000000	92.700000,-13.120000,0.000000
9.06457	1.900000,-79.340000,0.000000	96.030000,0.870000,0.000000	86.570000,-8.340000,0.000000	92.430000,-7.330000,0.000000	92.700000,-13.120000,0.000000
9.09101	3.460000,-79.240000,0.000000	96.420000,2.640000,0.000000	86.700000,-8.710000,0.000000	92.430000,-7.330000,0.000000	92.700000,-13.120000,0.000000
9.13301	4.950000,-79.210000,0.000000	96.860000,4.440000,0.000000	86.850000,-9.120000,0.000000	92.430000,-7.330000,0.000000	92.700000,-13.120000,0.000000
9.14202	6.390000,-79.040000,0.000000	97.040000,6.130000,0.000000	86.840000,-9.360000,0.000000	92.430000,-7.330000,0.000000	92.700000,-13.120000,0.000000
9.20109	6.930000,-78.820000,0.000000	97.230000,7.760000,0.000000	86.590000,-8.820000,0.000000	92.430000,-7.330000,0.000000	92.700000,-13.120000,0.000000
9.25119	7.400000,-78.710000,0.000000	97.360000,9.410000,0.000000	86.560000,-8.370000,0.000000	92.430000,-7.330000,0.000000	92.700000,-13.120000,0.000000
9.32063	8.950000,-78.440000,0.000000	97.480000,10.720000,0.000000	86.560000,-8.780000,0.000000	92.430000,-7.330000,0.000000	92.700000,-13.120000,0.000000
9.32231	10.140000,-78.190000,0.000000	97.590000,11.730000,0.000000	86.690000,-9.100000,0.000000	92.430000,-7.330000,0.000000	92.700000,-13.120000,0.000000
9.38287	11.060000,-78.160000,0.000000	97.890000,12.550000,0.000000	86.850000,-9.340000,0.000000	92.430000,-7.330000,0.000000	92.700000,-13.120000,0.000000
9.43706	11.510000,-78.070000,0.000000	97.940000,13.330000,0.000000	86.820000,-9.810000,0.000000	92.430000,-7.330000,0.000000	92.700000,-13.120000,0.000000
9.50254	11.670000,-78.030000,0.000000	98.080000,13.930000,0.000000	86.940000,-9.920000,0.000000	92.430000,-7.330000,0.000000	92.700000,-13.120000,0.000000
9.50574	12.280000,-77.910000,0.000000	98.100000,14.400000,0.000000	87.050000,-10.450000,0.000000	92.430000,-7.330000,0.000000	92.700000,-13.120000,0.000000
9.55438	12.780000,-77.790000,0.000000	98.030000,14.620000,0.000000	86.850000,-10.690000,0.000000	92.430000,-7.330000,0.000000	92.700000,-13.120000,0.000000
9.61856	12.240000,-77.890000,0.000000	98.150000,15.120000,0.000000	86.820000,-9.510000,0.000000	92.430000,-7.330000,0.000000	92.700000,-13.120000,0.000000
9.68150	11.950000,-78.040000,0.000000	98.220000,15.830000,0.000000	86.800000,-8.420000,0.000000	92.430000,-7.330000,0.000000	92.700000,-13.120000,0.000000
9.68579	12.690000,-77.940000,0.000000	97.950000,16.410000,0.000000	86.580000,-8.180000,0.000000	92.430000,-7.330000,0.000000	92.700000,-13.120000,0.000000
9.79552	13.220000,-77.740000,0.000000	97.800000,16.750000,0.000000	86.340000,-7.940000,0.000000	92.430000,-7.330000,0.000000	92.700000,-13.120000,0.000000
9.80175	13.110000,-77.680000,0.000000	97.740000,16.950000,0.000000	86.460000,-7.660000,0.000000	92.430000,-7.330000,0.000000	92.700000,-13.120000,0.000000
9.80428	12.880000,-77.600000,0.000000	97.570000,17.110000,0.000000	86.260000,-7.480000,0.000000	92.430000,-7.330000,0.000000	92.700000,-13.120000,0.000000
9.85149	12.530000,-77.560000,0.000000	97.460000,17.040000,0.000000	86.290000,-7.510000,0.000000	92.430000,-7.330000,0.000000	92.700000,-13.120000,0.000000
9.92265	12.860000,-77.470000,0.000000	97.470000,17.000000,0.000000	86.280000,-7.480000,0.000000	92.430000,-7.330000,0.000000	92.700000,-13.120000,0.000000
9.98198	12.720000,-77.450000,0.000000	97.530000,16.850000,0.000000	86.220000,-7.540000,0.000000	92.430000,-7.330000,0.000000	92.700000,-13.120000,0.000000
10.03889	12.590000,-77.390000,0.000000	97.520000,16.750000,0.000000	86.260000,-7.280000,0.000000	92.430000,-7.330000,0.000000	92.700000,-13.120000,0.000000
10.04175	13.010000,-77.380000,0.000000	97.500000,16.610000,0.000000	86.220000,-7.490000,0.000000	92.430000,-7.330000,0.000000	92.700000,-13.120000,0.000000
10.09932	13.270000,-77.370000,0.000000	97.420000,16.450000,0.000000	86.260000,-7.280000,0.000000	92.430000,-7.330000,0.000000	92.700000,-13.120000,0.000000
10.15067	13.290000,-77.330000,0.000000	97.380000,16.300000,0.000000	86.290000,-7.250000,0.000000	92.430000,-7.330000,0.000000	92.700000,-13.120000,0.000000
10.21747	13.520000,-77.280000,0.000000	97.300000,16.160000,0.000000	86.250000,-7.200000,0.000000	92.430000,-7.330000,0.000000	92.700000,-13.120000,0.000000
10.22203	13.240000,-77.250000,0.000000	97.160000,15.990000,0.000000	86.330000,-7.070000,0.000000	92.430000,-7.330000,0.000000	92.700000,-13.120000,0.000000
10.27685	12.990000,-77.240000,0.000000	97.090000,15.800000,0.000000	86.250000,-7.070000,0.000000	92.430000,-7.330000,0.000000	92.700000,-13.120000,0.000000
10.33948	12.890000,-77.220000,0.000000	96.980000,15.640000,0.000000	86.260000,-6.910000,0.000000	92.430000,-7.330000,0.000000	92.700000,-13.120000,0.000000
10.39529	12.830000,-77.190000,0.000000	96.840000,15.430000,0.000000	86.270000,-6.890000,0.000000	92.430000,-7.330000,0.000000	92.700000,-13.120000,0.000000
10.40339	12.720000,-77.200000,0.000000	96.700000,15.160000,0.000000	86.240000,-6.870000,0.000000	92.430000,-7.330000,0.000000	92.700000,-13.120000,0.000000
10.45130	12.060000,-77.160000,0.000000	96.580000,14.910000,0.000000	86.250000,-6.850000,0.000000	92.430000,-7.330000,0.000000	92.700000,-13.120000,0.000000
10.51891	11.680000,-77.150000,0.000000	96.440000,14.650000,0.000000	86.190000,-6.770000,0.000000	92.430000,-7.330000,0.000000	92.700000,-13.120000,0.000000
10.58467	11.380000,-77.110000,0.000000	96.300000,14.470000,0.000000	86.190000,-6.780000,0.000000	92.430000,-7.330000,0.000000	92.700000,-13.120000,0.000000
10.59555	11.220000,-77.140000,0.000000	96.190000,14.170000,0.000000	86.200000,-6.810000,0.000000	92.430000,-7.330000,0.000000	92.700000,-13.120000,0.000000
10.63500	11.210000,-77.080000,0.000000	96.080000,13.960000,0.000000	86.170000,-6.760000,0.000000	92.430000,-7.330000,0.000000	92.700000,-13.120000,0.000000
10.70019	11.060000,-77.070000,0.000000	95.950000,13.650000,0.000000	86.220000,-6.750000,0.000000	92.430000,-7.330000,0.000000	92.700000,-13.120000,0.000000
10.75173	11.200000,-76.970000,0.000000	95.890000,13.320000,0.000000	86.270000,-6.780000,0.000000	92.430000,-7.330000,0.000000	92.700000,-13.120000,0.000000
10.76432	11.700000,-76.930000,0.000000	95.830000,13.090000,0.000000	86.330000,-6.670000,0.000000	92.430000,-7.330000,0.000000	92.700000,-13.120000,0.000000
10.81937	11.420000,-76.840000,0.000000	95.820000,12.860000,0.000000	86.350000,-6.460000,0.000000	92.430000,-7.330000,0.000000	92.700000,-13.120000,0.000000
10.88001	11.930000,-76.800000,0.000000	95.770000,12.550000,0.000000	86.110000,-6.300000,0.000000	92.430000,-7.330000,0.000000	92.700000,-13.120000,0.000000
10.93384	12.300000,-76.760000,0.000000	95.670000,12.420000,0.000000	86.100000,-5.780000,0.000000	92.430000,-7.330000,0.000000	92.700000,-13.120000,0.000000
10.94203	12.130000,-76.720000,0.000000	95.570000,12.290000,0.000000	86.030000,-5.550000,0.000000	92.430000,-7.330000,0.000000	92.700000,-13.120000,0.000000
10.99795	12.170000,-76.570000,0.000000	95.520000,12.050000,0.000000	86.070000,-5.670000,0.000000	92.430000,-7.330000,0.000000	92.700000,-13.120000,0.000000
11.05099	12.290000,-76.320000,0.000000	95.470000,11.690000,0.000000	86.260000,-6.180000,0.000000	92.430000,-7.330000,0.000000	92.700000,-13.120000,0.000000
11.11681	12.300000,-76.130000,0.000000	95.400000,11.160000,0.000000	86.240000,-6.450000,0.000000	92.430000,-7.330000,0.000000	92.700000,-13.120000,0.000000
11.12217	12.480000,-76.130000,0.000000	95.280000,10.970000,0.000000	86.110000,-6.290000,0.000000	92.430000,-7.330000,0.000000	92.700000,-13.120000,0.000000
11.18068	13.050000,-76.050000,0.000000	95.120000,10.980000,0.000000	86.140000,-5.980000,0.000000	92.430000,-7.330000,0.000000	92.700000,-13.120000,0.000000
11.29752	13.000000,-76.060000,0.000000	94.700000,10.790000,0.000000	85.990000,-6.020000,0.000000	92.430000,-7.330000,0.000000	92.700000,-13.120000,0.000000
11.30146	11.460000,-76.050000,0.000000	94.270000,10.400000,0.000000	85.720000,-6.060000,0.000000	92.430000,-7.330000,0.000000	92.700000,-13.120000,0.000000
11.30528	9.550000,-76.130000,0.000000	93.810000,9.890000,0.000000	85.540000,-6.190000,0.000000	92.430000,-7.330000,0.000000	92.700000,-13.120000,0.000000
11.35140	8.010000,-76.020000,0.000000	93.330000,9.380000,0.000000	85.390000,-6.420000,0.000000	92.430000,-7.330000,0.000000	92.700000,-13.120000,0.000000
11.41962	6.740000,-75.980000,0.000000	92.860000,8.610000,0.000000	85.220000,-6.150000,0.000000	92.430000,-7.330000,0.000000	92.700000,-13.120000,0.000000
11.48068	4.510000,-75.920000,0.000000	92.480000,7.960000,0.000000	84.840000,-5.630000,0.000000	92.430000,-7.330000,0.000000	92.700000,-13.120000,0.000000
11.48328	3.800000,-75.830000,0.000000	92.090000,7.590000,0.000000	84.370000,-4.480000,0.000000	92.430000,-7.330000,0.000000	92.700000,-13.120000,0.000000
11.53798	2.440000,-75.690000,0.000000	91.720000,7.380000,0.000000	84.070000,-2.880000,0.000000	92.430000,-7.330000,0.000000	92.700000,-13.120000,0.000000
11.60011	1.630000,-75.700000,0.000000	91.380000,7.100000,0.000000	83.400000,-0.820000,0.000000	92.430000,-7.330000,0.000000	92.700000,-13.120000,0.000000
11.65215	1.000000,-75.580000,0.000000	90.860000,7.080000,0.000000	82.840000,0.780000,0.000000	92.430000,-7.330000,0.000000	92.700000,-13.120000,0.000000
11.66230	0.610000,-75.480000,0.000000	90.360000,7.020000,0.000000	82.030000,3.060000,0.000000	92.430000,-7.330000,0.000000	92.700000,-13.120000,0.000000
11.71850	0.480000,-75.180000,0.000000	89.920000,6.720000,0.000000	81.460000,4.940000,0.000000	92.430000,-7.330000,0.000000	92.700000,-13.120000,0.000000
11.78063	-0.040000,-74.810000,0.000000	89.360000,6.170000,0.000000	80.800000,6.640000,0.000000	92.430000,-7.330000,0.000000	92.700000,-13.120000,0.000000
11.83748	0.200000,-74.320000,0.000000	88.970000,5.890000,0.000000	80.130000,8.430000,0.000000	92.430000,-7.330000,0.000000	92.700000,-13.120000,0.000000
11.84271	0.450000,-73.880000,0.000000	88.570000,5.390000,0.000000	78.580000,10.720000,0.000000	92.430000,-7.330000,0.000000	92.700000,-13.120000,0.000000
11.89875	0.010000,-73.550000,0.000000	88.350000,4.860000,0.000000	77.410000,13.510000,0.000000	92.430000,-7.330000,0.000000	92.700000,-13.120000,0.000000
11.96104	-0.030000,-73.070000,0.000000	88.060000,4.400000,0.000000	76.630000,16.310000,0.000000	92.430000,-7.330000,0.000000	92.700000,-13.120000,0.000000
12.02036	-0.270000,-72.630000,0.000000	87.900000,3.990000,0.000000	74.760000,19.680000,0.000000	92.430000,-7.330000,0.000000	92.700000,-13.120000,0.000000
12.02519	-0.430000,-72.180000,0.000000	87.370000,3.260000,0.000000	72.350000,23.310000,0.000000	92.430000,-7.330000,0.000000	92.700000,-13.120000,0.000000
12.07130	-0.020000,-71.740000,0.000000	87.110000,2.820000,0.000000	69.080000,27.190000,0.000000	92.430000,-7.330000,0.000000	92.700000,-13.120000,0.000000
12.13304	-0.140000,-71.250000,0.000000	86.880000,2.730000,0.000000	66.580000,31.850000,0.000000	92.430000,-7.330000,0.000000	92.700000,-13.120000,0.000000
12.19778	0.110000,-70.610000,0.000000	86.350000,2.730000,0.000000	59.710000,36.290000,0.000000	92.430000,-7.330000,0.000000	92.700000,-13.120000,0.000000
12.20128	0.250000,-70.140000,0.000000	86.010000,2.250000,0.000000	50.210000,40.290000,0.000000	92.430000,-7.330000,0.000000	92.700000,-13.120000,0.000000
12.25617	0.180000,-69.520000,0.000000	85.540000,2.070000,0.000000	42.030000,44.300000,0.000000	92.430000,-7.330000,0.000000	92.700000,-13.120000,0.000000
12.31620	0.490000,-69.000000,0.000000	85.090000,1.510000,0.000000	32.700000,48.020000,0.000000	92.430000,-7.330000,0.000000	92.700000,-13.120000,0.000000
12.37729	0.130000,-68.610000,0.000000	84.850000,1.160000,0.000000	21.770000,51.170000,0.000000	92.430000,-7.330000,0.000000	92.700000,-13.120000,0.000000
12.38141	0.230000,-68.040000,0.000000	84.660000,1.020000,0.000000	13.280000,53.710000,0.000000	92.430000,-7.330000,0.000000	92.700000,-13.120000,0.000000
12.43991	0.760000,-67.540000,0.000000	84.120000,0.880000,0.000000	6.660000,56.170000,0.000000	92.430000,-7.330000,0.000000	92.700000,-13.120000,0.000000
12.49943	1.100000,-67.070000,0.000000	83.860000,0.430000,0.000000	0.750000,59.060000,0.000000	92.430000,-7.330000,0.000000	92.700000,-13.120000,0.000000
12.55860	1.140000,-66.590000,0.000000	83.440000,0.170000,0.000000	-3.670000,61.520000,0.000000	92.430000,-7.330000,0.000000	92.700000,-13.120000,0.000000
12.56082	1.210000,-66.190000,0.000000	83.080000,-0.300000,0.000000	-6.320000,64.020000,0.000000	92.430000,-7.330000,0.000000	92.700000,-13.120000,0.000000
12.61529	1.360000,-65.900000,0.000000	83.060000,-0.760000,0.000000	-6.090000,66.340000,0.000000	92.430000,-7.330000,0.000000	92.700000,-13.120000,0.000000
12.67660	1.540000,-65.610000,0.000000	82.780000,-1.090000,0.000000	-5.240000,68.170000,0.000000	92.430000,-7.330000,0.000000	92.700000,-13.120000,0.000000
12.73480	1.920000,-65.450000,0.000000	82.270000,-1.300000,0.000000	-4.520000,69.330000,0.000000	92.430000,-7.330000,0.000000	92.700000,-13.120000,0.000000
12.74257	1.990000,-65.250000,0.000000	82.030000,-1.600000,0.000000	-2.270000,70.210000,0.000000	92.430000,-7.330000,0.000000	92.700000,-13.120000,0.000000
12.79791	2.340000,-65.050000,0.000000	82.080000,-1.780000,0.000000	-0.380000,70.690000,0.000000	92.430000,-7.330000,0.000000	92.700000,-13.120000,0.000000
12.86081	2.830000,-64.920000,0.000000	81.960000,-2.080000,0.000000	2.750000,70.680000,0.000000	92.430000,-7.330000,0.000000	92.700000,-13.120000,0.000000
12.91945	2.720000,-64.820000,0.000000	81.810000,-2.630000,0.000000	6.470000,70.770000,0.000000	92.430000,-7.330000,0.000000	92.700000,-13.120000,0.000000
12.92254	2.450000,-65.000000,0.000000	82.540000,-2.420000,0.000000	9.560000,69.760000,0.000000	92.430000,-7.330000,0.000000	92.700000,-13.120000,0.000000
12.96788	2.550000,-65.200000,0.000000	82.790000,-2.910000,0.000000	13.230000,68.470000,0.000000	92.430000,-7.330000,0.000000	92.700000,-13.120000,0.000000
13.03869	2.340000,-65.280000,0.000000	83.080000,-2.730000,0.000000	16.770000,67.140000,0.000000	92.430000,-7.330000,0.000000	92.700000,-13.120000,0.000000
13.09768	2.650000,-65.310000,0.000000	82.980000,-2.650000,0.000000	19.910000,65.240000,0.000000	92.430000,-7.330000,0.000000	92.700000,-13.120000,0.000000
13.10231	3.430000,-65.270000,0.000000	82.590000,-2.070000,0.000000	23.210000,63.550000,0.000000	92.430000,-7.330000,0.000000	92.700000,-13.120000,0.000000
13.21717	4.320000,-65.250000,0.000000	82.480000,-1.570000,0.000000	26.260000,61.780000,0.000000	92.430000,-7.330000,0.000000	92.700000,-13.120000,0.000000
13.22095	4.110000,-65.300000,0.000000	82.590000,-1.240000,0.000000	29.720000,59.650000,0.000000	92.430000,-7.330000,0.000000	92.700000,-13.120000,0.000000
13.22339	4.150000,-65.230000,0.000000	82.780000,-1.160000,0.000000	33.230000,57.180000,0.000000	92.430000,-7.330000,0.000000	92.700000,-13.120000,0.000000
13.26756	3.970000,-65.140000,0.000000	82.970000,-1.040000,0.000000	36.190000,55.130000,0.000000	92.430000,-7.330000,0.000000	92.700000,-13.120000,0.000000
13.33537	3.810000,-65.190000,0.000000	83.090000,-1.160000,0.000000	38.700000,53.300000,0.000000	92.430000,-7.330000,0.000000	92.700000,-13.120000,0.000000
13.40060	4.020000,-65.210000,0.000000	83.150000,-1.100000,0.000000	40.800000,52.200000,0.000000	92.430000,-7.330000,0.000000	92.700000,-13.120000,0.000000
13.45202	4.130000,-65.120000,0.000000	83.180000,-1.130000,0.000000	42.700000,51.590000,0.000000	92.430000,-7.330000,0.000000	92.700000,-13.120000,0.000000
13.46375	4.210000,-65.040000,0.000000	83.220000,-1.010000,0.000000	43.810000,51.810000,0.000000	92.430000,-7.330000,0.000000	92.700000,-13.120000,0.000000
13.51690	4.220000,-65.060000,0.000000	83.130000,-0.930000,0.000000	44.760000,52.360000,0.000000	92.430000,-7.330000,0.000000	92.700000,-13.120000,0.000000
13.58077	4.000000,-64.980000,0.000000	83.000000,-0.880000,0.000000	44.550000,53.630000,0.000000	92.430000,-7.330000,0.000000	92.700000,-13.120000,0.000000
13.64090	3.920000,-64.910000,0.000000	82.780000,-0.800000,0.000000	43.410000,54.870000,0.000000	92.430000,-7.330000,0.000000	92.700000,-13.120000,0.000000
13.64282	3.930000,-64.780000,0.000000	82.510000,-0.780000,0.000000	42.640000,56.820000,0.000000	92.430000,-7.330000,0.000000	92.700000,-13.120000,0.000000
13.69911	3.600000,-64.570000,0.000000	82.370000,-0.720000,0.000000	39.610000,58.410000,0.000000	92.430000,-7.330000,0.000000	92.700000,-13.120000,0.000000
13.81283	3.660000,-64.300000,0.000000	82.130000,-0.990000,0.000000	35.270000,60.600000,0.000000	92.430000,-7.330000,0.000000	92.700000,-13.120000,0.000000
13.82320	3.360000,-64.110000,0.000000	81.990000,-1.090000,0.000000	29.730000,61.970000,0.000000	92.430000,-7.330000,0.000000	92.700000,-13.120000,0.000000
13.82589	3.200000,-63.950000,0.000000	81.640000,-1.130000,0.000000	22.640000,63.140000,0.000000	92.430000,-7.330000,0.000000	92.700000,-13.120000,0.000000
13.88043	3.420000,-63.780000,0.000000	81.540000,-1.100000,0.000000	16.580000,64.240000,0.000000	92.430000,-7.330000,0.000000	92.700000,-13.120000,0.000000
13.93538	3.500000,-63.540000,0.000000	81.370000,-1.390000,0.000000	9.400000,65.230000,0.000000	92.430000,-7.330000,0.000000	92.700000,-13.120000,0.000000
13.99924	3.450000,-63.340000,0.000000	81.360000,-1.500000,0.000000	4.160000,66.410000,0.000000	92.430000,-7.330000,0.000000	92.700000,-13.120000,0.000000
14.00303	3.320000,-63.120000,0.000000	81.150000,-1.750000,0.000000	-1.080000,67.340000,0.000000	92.430000,-7.330000,0.000000	92.700000,-13.120000,0.000000
14.05292	3.700000,-63.090000,0.000000	80.890000,-1.800000,0.000000	-5.430000,68.520000,0.000000	92.430000,-7.330000,0.000000	92.700000,-13.120000,0.000000
14.11844	3.610000,-62.940000,0.000000	80.800000,-1.880000,0.000000	-8.280000,69.770000,0.000000	92.430000,-7.330000,0.000000	92.700000,-13.120000,0.000000
14.17912	3.500000,-62.810000,0.000000	80.720000,-2.100000,0.000000	-8.280000,71.030000,0.000000	92.430000,-7.330000,0.000000	92.700000,-13.120000,0.000000
14.18270	3.250000,-62.740000,0.000000	80.860000,-2.380000,0.000000	-6.680000,71.930000,0.000000	92.430000,-7.330000,0.000000	92.700000,-13.120000,0.000000
14.23519	3.480000,-62.620000,0.000000	80.710000,-2.550000,0.000000	-5.320000,72.480000,0.000000	92.430000,-7.330000,0.000000	92.700000,-13.120000,0.000000
14.29984	3.770000,-62.600000,0.000000	81.260000,-2.480000,0.000000	-1.150000,72.460000,0.000000	92.430000,-7.330000,0.000000	92.700000,-13.120000,0.000000
14.41017	3.870000,-62.560000,0.000000	81.330000,-2.890000,0.000000	2.780000,72.500000,0.000000	92.430000,-7.330000,0.000000	92.700000,-13.120000,0.000000
14.41201	3.730000,-62.610000,0.000000	81.850000,-3.120000,0.000000	6.590000,71.790000,0.000000	92.430000,-7.330000,0.000000	92.700000,-13.120000,0.000000
14.41440	4.030000,-62.600000,0.000000	81.870000,-3.480000,0.000000	10.910000,71.040000,0.000000	92.430000,-7.330000,0.000000	92.700000,-13.120000,0.000000
14.48062	4.290000,-62.700000,0.000000	82.290000,-3.890000,0.000000	14.820000,70.090000,0.000000	92.430000,-7.330000,0.000000	92.700000,-13.120000,0.000000
14.53493	4.670000,-63.020000,0.000000	83.170000,-3.980000,0.000000	19.180000,68.850000,0.000000	92.430000,-7.330000,0.000000	92.700000,-13.120000,0.000000
14.60041	4.920000,-63.180000,0.000000	83.590000,-4.210000,0.000000	23.210000,67.630000,0.000000	92.430000,-7.330000,0.000000	92.700000,-13.120000,0.000000
14.60232	5.200000,-63.500000,0.000000	84.070000,-4.000000,0.000000	26.940000,65.420000,0.000000	92.430000,-7.330000,0.000000	92.700000,-13.120000,0.000000
14.65202	5.100000,-63.760000,0.000000	84.620000,-4.150000,0.000000	30.840000,63.280000,0.000000	92.430000,-7.330000,0.000000	92.700000,-13.120000,0.000000
14.71578	5.450000,-63.950000,0.000000	85.210000,-4.000000,0.000000	34.490000,60.890000,0.000000	92.430000,-7.330000,0.000000	92.700000,-13.120000,0.000000
14.72078	6.260000,-64.210000,0.000000	85.090000,-3.970000,0.000000	38.310000,58.970000,0.000000	92.430000,-7.330000,0.000000	92.700000,-13.120000,0.000000
14.77915	6.840000,-64.560000,0.000000	85.530000,-3.420000,0.000000	41.460000,56.900000,0.000000	92.430000,-7.330000,0.000000	92.700000,-13.120000,0.000000
14.83564	7.390000,-64.720000,0.000000	85.600000,-2.740000,0.000000	44.380000,54.890000,0.000000	92.430000,-7.330000,0.000000	92.700000,-13.120000,0.000000
14.89820	7.910000,-64.850000,0.000000	86.000000,-2.050000,0.000000	47.410000,52.810000,0.000000	92.430000,-7.330000,0.000000	92.700000,-13.120000,0.000000
14.90261	8.320000,-65.010000,0.000000	86.170000,-1.490000,0.000000	50.410000,50.770000,0.000000	92.430000,-7.330000,0.000000	92.700000,-13.120000,0.000000
14.95124	8.620000,-65.130000,0.000000	86.550000,-0.890000,0.000000	53.210000,48.820000,0.000000	92.430000,-7.330000,0.000000	92.700000,-13.120000,0.000000
15.01776	8.160000,-65.310000,0.000000	87.110000,-0.410000,0.000000	56.190000,46.780000,0.000000	92.430000,-7.330000,0.000000	92.700000,-13.120000,0.000000
15.07208	8.070000,-65.530000,0.000000	87.390000,0.370000,0.000000	58.770000,45.110000,0.000000	92.430000,-7.330000,0.000000	92.700000,-13.120000,0.000000
15.08158	8.320000,-65.640000,0.000000	87.460000,1.290000,0.000000	60.740000,43.770000,0.000000	92.430000,-7.330000,0.000000	92.700000,-13.120000,0.000000
15.13321	8.900000,-65.790000,0.000000	87.550000,2.220000,0.000000	62.460000,42.770000,0.000000	92.430000,-7.330000,0.000000	92.700000,-13.120000,0.000000
15.19743	8.660000,-65.810000,0.000000	87.630000,3.350000,0.000000	64.050000,41.840000,0.000000	92.430000,-7.330000,0.000000	92.700000,-13.120000,0.000000
15.25159	9.060000,-65.800000,0.000000	87.860000,4.520000,0.000000	65.570000,41.050000,0.000000	92.430000,-7.330000,0.000000	92.700000,-13.120000,0.000000
15.26558	9.380000,-65.740000,0.000000	87.950000,6.060000,0.000000	67.010000,40.480000,0.000000	92.430000,-7.330000,0.000000	92.700000,-13.120000,0.000000
15.31917	9.900000,-65.440000,0.000000	87.920000,7.270000,0.000000	68.700000,39.800000,0.000000	92.430000,-7.330000,0.000000	92.700000,-13.120000,0.000000
15.38096	10.750000,-64.980000,0.000000	87.850000,8.790000,0.000000	69.860000,38.980000,0.000000	92.430000,-7.330000,0.000000	92.700000,-13.120000,0.000000
15.44165	10.900000,-64.550000,0.000000	87.850000,10.050000,0.000000	71.070000,38.100000,0.000000	92.430000,-7.330000,0.000000	92.700000,-13.120000,0.000000
15.44483	11.330000,-63.900000,0.000000	87.950000,11.500000,0.000000	72.550000,37.110000,0.000000	92.430000,-7.330000,0.000000	92.700000,-13.120000,0.000000
15.49972	11.440000,-63.310000,0.000000	87.910000,12.680000,0.000000	74.180000,36.180000,0.000000	92.430000,-7.330000,0.000000	92.700000,-13.120000,0.000000
15.55786	11.420000,-62.750000,0.000000	87.790000,13.870000,0.000000	75.130000,35.460000,0.000000	92.430000,-7.330000,0.000000	92.700000,-13.120000,0.000000
15.61803	11.300000,-62.370000,0.000000	87.590000,14.890000,0.000000	75.980000,35.120000,0.000000	92.430000,-7.330000,0.000000	92.700000,-13.120000,0.000000
15.62112	10.550000,-61.950000,0.000000	87.520000,15.890000,0.000000	76.910000,34.640000,0.000000	92.430000,-7.330000,0.000000	92.700000,-13.120000,0.000000
15.68058	9.920000,-61.590000,0.000000	87.420000,16.630000,0.000000	77.400000,34.050000,0.000000	92.430000,-7.330000,0.000000	92.700000,-13.120000,0.000000
15.73317	9.950000,-61.190000,0.000000	87.060000,17.310000,0.000000	77.980000,33.200000,0.000000	92.430000,-7.330000,0.000000	92.700000,-13.120000,0.000000
15.79797	10.030000,-60.780000,0.000000	86.820000,17.730000,0.000000	78.520000,31.880000,0.000000	92.430000,-7.330000,0.000000	92.700000,-13.120000,0.000000
15.80230	10.290000,-60.470000,0.000000	86.690000,17.760000,0.000000	78.780000,31.100000,0.000000	92.430000,-7.330000,0.000000	92.700000,-13.120000,0.000000
15.85536	9.630000,-60.470000,0.000000	86.620000,17.560000,0.000000	78.640000,30.810000,0.000000	92.430000,-7.330000,0.000000	92.700000,-13.120000,0.000000
15.91653	9.600000,-60.450000,0.000000	86.720000,17.170000,0.000000	78.840000,30.880000,0.000000	92.430000,-7.330000,0.000000	92.700000,-13.120000,0.000000
15.97881	9.990000,-60.440000,0.000000	86.920000,17.160000,0.000000	78.710000,30.860000,0.000000	92.430000,-7.330000,0.000000	92.700000,-13.120000,0.000000
15.98108	10.310000,-60.620000,0.000000	86.900000,16.690000,0.000000	78.740000,31.200000,0.000000	92.430000,-7.330000,0.000000	92.700000,-13.120000,0.000000
16.03194	10.220000,-60.760000,0.000000	87.090000,16.410000,0.000000	78.850000,31.740000,0.000000	92.430000,-7.330000,0.000000	92.700000,-13.120000,0.000000
16.10073	10.420000,-60.900000,0.000000	87.250000,15.850000,0.000000	79.080000,32.360000,0.000000	92.430000,-7.330000,0.000000	92.700000,-13.120000,0.000000
16.15187	10.480000,-61.270000,0.000000	87.640000,15.180000,0.000000	79.120000,33.080000,0.000000	92.430000,-7.330000,0.000000	92.700000,-13.120000,0.000000
16.16368	10.700000,-61.560000,0.000000	87.920000,14.480000,0.000000	79.210000,34.180000,0.000000	92.430000,-7.330000,0.000000	92.700000,-13.120000,0.000000
16.22012	10.890000,-61.760000,0.000000	88.130000,13.960000,0.000000	78.940000,35.540000,0.000000	92.430000,-7.330000,0.000000	92.700000,-13.120000,0.000000
16.28387	11.020000,-62.010000,0.000000	88.220000,13.270000,0.000000	78.190000,37.080000,0.000000	92.430000,-7.330000,0.000000	92.700000,-13.120000,0.000000
16.33330	11.730000,-62.240000,0.000000	88.280000,12.660000,0.000000	77.330000,38.650000,0.000000	92.430000,-7.330000,0.000000	92.700000,-13.120000,0.000000
16.34273	12.400000,-62.510000,0.000000	88.360000,12.050000,0.000000	76.260000,40.000000,0.000000	92.430000,-7.330000,0.000000	92.700000,-13.120000,0.000000
16.39918	13.110000,-62.790000,0.000000	88.400000,11.530000,0.000000	75.420000,41.120000,0.000000	92.430000,-7.330000,0.000000	92.700000,-13.120000,0.000000
16.45374	13.460000,-63.020000,0.000000	88.560000,11.060000,0.000000	74.520000,42.050000,0.000000	92.430000,-7.330000,0.000000	92.700000,-13.120000,0.000000
16.51841	13.490000,-63.360000,0.000000	88.720000,10.470000,0.000000	74.110000,42.830000,0.000000	92.430000,-7.330000,0.000000	92.700000,-13.120000,0.000000
16.52191	13.260000,-63.720000,0.000000	88.870000,9.990000,0.000000	73.950000,43.040000,0.000000	92.430000,-7.330000,0.000000	92.700000,-13.120000,0.000000
16.56756	12.840000,-64.030000,0.000000	89.000000,9.790000,0.000000	74.090000,42.820000,0.000000	92.430000,-7.330000,0.000000	92.700000,-13.120000,0.000000
16.69949	12.360000,-64.040000,0.000000	89.030000,9.660000,0.000000	73.930000,41.820000,0.000000	92.430000,-7.330000,0.000000	92.700000,-13.120000,0.000000
16.70255	12.380000,-63.860000,0.000000	88.830000,9.740000,0.000000	74.260000,40.370000,0.000000	92.430000,-7.330000,0.000000	92.700000,-13.120000,0.000000
16.70410	12.450000,-63.650000,0.000000	88.380000,10.280000,0.000000	74.890000,38.720000,0.000000	92.430000,-7.330000,0.000000	92.700000,-13.120000,0.000000
16.75356	12.430000,-63.430000,0.000000	87.980000,10.940000,0.000000	75.440000,37.440000,0.000000	92.430000,-7.330000,0.000000	92.700000,-13.120000,0.000000
16.81986	11.770000,-63.200000,0.000000	87.570000,11.790000,0.000000	75.830000,36.290000,0.000000	92.430000,-7.330000,0.000000	92.700000,-13.120000,0.000000
16.88360	11.570000,-63.050000,0.000000	87.250000,12.690000,0.000000	75.890000,35.580000,0.000000	92.430000,-7.330000,0.000000	92.700000,-13.120000,0.000000
16.88671	11.120000,-62.910000,0.000000	86.810000,13.620000,0.000000	75.610000,35.000000,0.000000	92.430000,-7.330000,0.000000	92.700000,-13.120000,0.000000
16.93897	11.200000,-62.810000,0.000000	86.430000,14.530000,0.000000	75.550000,34.520000,0.000000	92.430000,-7.330000,0.000000	92.700000,-13.120000,0.000000
17.00071	11.170000,-62.710000,0.000000	86.040000,15.310000,0.000000	75.510000,34.100000,0.000000	92.430000,-7.330000,0.000000	92.700000,-13.120000,0.000000
17.05814	10.870000,-62.540000,0.000000	85.660000,16.070000,0.000000	75.390000,33.460000,0.000000	92.430000,-7.330000,0.000000	92.700000,-13.120000,0.000000
17.06170	10.800000,-62.390000,0.000000	85.310000,16.630000,0.000000	75.390000,33.040000,0.000000	92.430000,-7.330000,0.000000	92.700000,-13.120000,0.000000
17.11749	10.710000,-62.230000,0.000000	85.110000,17.050000,0.000000	75.490000,32.690000,0.000000	92.430000,-7.330000,0.000000	92.700000,-13.120000,0.000000
17.18071	10.520000,-62.250000,0.000000	85.060000,17.190000,0.000000	75.700000,32.320000,0.000000	92.430000,-7.330000,0.000000	92.700000,-13.120000,0.000000
17.23499	10.180000,-62.300000,0.000000	85.100000,17.150000,0.000000	75.890000,32.000000,0.000000	92.430000,-7.330000,0.000000	92.700000,-13.120000,0.000000
17.24192	10.350000,-62.320000,0.000000	85.220000,16.940000,0.000000	76.060000,31.620000,0.000000	92.430000,-7.330000,0.000000	92.700000,-13.120000,0.000000
17.29940	10.790000,-62.460000,0.000000	85.360000,16.630000,0.000000	76.120000,31.410000,0.000000	92.430000,-7.330000,0.000000	92.700000,-13.120000,0.000000
17.35963	10.800000,-62.630000,0.000000	85.520000,16.310000,0.000000	76.310000,31.460000,0.000000	92.430000,-7.330000,0.000000	92.700000,-13.120000,0.000000
17.41881	11.170000,-62.980000,0.000000	85.810000,15.820000,0.000000	76.360000,31.610000,0.000000	92.430000,-7.330000,0.000000	92.700000,-13.120000,0.000000
17.42366	11.440000,-63.350000,0.000000	86.000000,15.610000,0.000000	76.180000,31.200000,0.000000	92.430000,-7.330000,0.000000	92.700000,-13.120000,0.000000
17.48323	11.930000,-63.580000,0.000000	86.350000,15.090000,0.000000	76.600000,30.920000,0.000000	92.430000,-7.330000,0.000000	92.700000,-13.120000,0.000000
17.53908	12.560000,-63.950000,0.000000	86.630000,14.380000,0.000000	76.950000,30.290000,0.000000	92.430000,-7.330000,0.000000	92.700000,-13.120000,0.000000
17.60099	12.810000,-64.290000,0.000000	87.040000,13.480000,0.000000	77.560000,29.370000,0.000000	92.430000,-7.330000,0.000000	92.700000,-13.120000,0.000000
17.60458	13.230000,-64.760000,0.000000	87.320000,12.430000,0.000000	78.110000,28.390000,0.000000	92.430000,-7.330000,0.000000	92.700000,-13.120000,0.000000
17.65196	13.130000,-65.360000,0.000000	87.780000,11.340000,0.000000	78.950000,27.480000,0.000000	92.430000,-7.330000,0.000000	92.700000,-13.120000,0.000000
17.71776	13.530000,-65.860000,0.000000	88.220000,10.240000,0.000000	79.460000,26.160000,0.000000	92.430000,-7.330000,0.000000	92.700000,-13.120000,0.000000
17.83877	13.870000,-66.520000,0.000000	88.380000,9.060000,0.000000	80.120000,25.090000,0.000000	92.430000,-7.330000,0.000000	92.700000,-13.120000,0.000000
17.84216	14.040000,-67.130000,0.000000	88.830000,8.080000,0.000000	80.610000,23.860000,0.000000	92.430000,-7.330000,0.000000	92.700000,-13.120000,0.000000
17.84469	14.640000,-67.860000,0.000000	89.010000,7.320000,0.000000	81.280000,23.350000,0.000000	92.430000,-7.330000,0.000000	92.700000,-13.120000,0.000000
17.90142	14.480000,-68.620000,0.000000	89.690000,6.750000,0.000000	82.690000,21.950000,0.000000	92.430000,-7.330000,0.000000	92.700000,-13.120000,0.000000
17.95069	15.050000,-69.040000,0.000000	90.260000,5.450000,0.000000	83.000000,19.420000,0.000000	92.430000,-7.330000,0.000000	92.700000,-13.120000,0.000000
17.96372	15.420000,-69.530000,0.000000	90.500000,4.540000,0.000000	83.800000,17.170000,0.000000	92.430000,-7.330000,0.000000	92.700000,-13.120000,0.000000
18.01947	15.710000,-69.950000,0.000000	91.310000,3.870000,0.000000	85.270000,15.600000,0.000000	92.430000,-7.330000,0.000000	92.700000,-13.120000,0.000000
18.08056	16.140000,-70.440000,0.000000	92.190000,3.100000,0.000000	86.220000,13.280000,0.000000	92.430000,-7.330000,0.000000	92.700000,-13.120000,0.000000
18.13577	16.750000,-70.940000,0.000000	92.520000,2.380000,0.000000	86.820000,11.820000,0.000000	92.430000,-7.330000,0.000000	92.700000,-13.120000,0.000000
18.14778	16.840000,-71.520000,0.000000	92.940000,2.110000,0.000000	87.310000,10.860000,0.000000	92.430000,-7.330000,0.000000	92.700000,-13.120000,0.000000
18.19970	16.830000,-72.050000,0.000000	93.160000,2.020000,0.000000	87.750000,9.600000,0.000000	92.430000,-7.330000,0.000000	92.700000,-13.120000,0.000000
18.25209	16.940000,-72.660000,0.000000	93.610000,2.050000,0.000000	88.220000,8.410000,0.000000	92.430000,-7.330000,0.000000	92.700000,-13.120000,0.000000
18.32058	16.830000,-73.310000,0.000000	94.140000,2.080000,0.000000	88.690000,6.770000,0.000000	92.430000,-7.330000,0.000000	92.700000,-13.120000,0.000000
18.32372	17.460000,-73.800000,0.000000	94.590000,2.220000,0.000000	89.220000,5.140000,0.000000	92.430000,-7.330000,0.000000	92.700000,-13.120000,0.000000
18.37604	17.290000,-74.360000,0.000000	94.970000,2.260000,0.000000	89.890000,3.430000,0.000000	92.430000,-7.330000,0.000000	92.700000,-13.120000,0.000000
18.43617	16.710000,-74.980000,0.000000	95.370000,2.130000,0.000000	90.370000,1.700000,0.000000	92.430000,-7.330000,0.000000	92.700000,-13.120000,0.000000
18.50124	15.180000,-75.640000,0.000000	95.700000,1.900000,0.000000	90.780000,-0.230000,0.000000	92.430000,-7.330000,0.000000	92.700000,-13.120000,0.000000
18.50480	14.400000,-76.290000,0.000000	96.060000,1.540000,0.000000	91.470000,-1.950000,0.000000	92.430000,-7.330000,0.000000	92.700000,-13.120000,0.000000
18.55823	13.940000,-76.750000,0.000000	96.490000,1.640000,0.000000	91.960000,-3.370000,0.000000	92.430000,-7.330000,0.000000	92.700000,-13.120000,0.000000
18.61735	14.830000,-77.040000,0.000000	96.720000,2.100000,0.000000	92.280000,-4.370000,0.000000	92.430000,-7.330000,0.000000	92.700000,-13.120000,0.000000
18.67292	16.370000,-77.400000,0.000000	96.910000,2.540000,0.000000	92.670000,-5.390000,0.000000	92.430000,-7.330000,0.000000	92.700000,-13.120000,0.000000
18.68276	17.220000,-77.780000,0.000000	97.010000,3.050000,0.000000	92.940000,-6.160000,0.000000	92.430000,-7.330000,0.000000	92.700000,-13.120000,0.000000
18.73788	17.310000,-78.270000,0.000000	97.230000,3.420000,0.000000	93.160000,-6.640000,0.000000	92.430000,-7.330000,0.000000	92.700000,-13.120000,0.000000
18.79998	17.160000,-78.720000,0.000000	97.300000,3.770000,0.000000	93.350000,-7.330000,0.000000	92.430000,-7.330000,0.000000	92.700000,-13.120000,0.000000
18.86033	16.600000,-79.180000,0.000000	97.400000,4.060000,0.000000	93.510000,-8.020000,0.000000	92.430000,-7.330000,0.000000	92.700000,-13.120000,0.000000
18.86404	16.740000,-79.570000,0.000000	97.540000,4.330000,0.000000	93.710000,-8.700000,0.000000	92.430000,-7.330000,0.000000	92.700000,-13.120000,0.000000
18.91800	16.410000,-79.940000,0.000000	97.580000,4.640000,0.000000	93.920000,-9.280000,0.000000	92.430000,-7.330000,0.000000	92.700000,-13.120000,0.000000
18.98037	16.350000,-80.370000,0.000000	97.770000,5.020000,0.000000	94.080000,-9.610000,0.000000	92.430000,-7.330000,0.000000	92.700000,-13.120000,0.000000
19.03747	16.850000,-80.710000,0.000000	97.760000,5.360000,0.000000	94.160000,-10.070000,0.000000	92.430000,-7.330000,0.000000	92.700000,-13.120000,0.000000
19.04135	17.320000,-81.110000,0.000000	97.870000,5.600000,0.000000	94.290000,-10.380000,0.000000	92.430000,-7.330000,0.000000	92.700000,-13.120000,0.000000
19.10119	17.830000,-81.380000,0.000000	97.970000,5.830000,0.000000	94.350000,-10.760000,0.000000	92.430000,-7.330000,0.000000	92.700000,-13.120000,0.000000
19.15840	18.580000,-81.670000,0.000000	98.030000,6.120000,0.000000	94.400000,-11.050000,0.000000	92.430000,-7.330000,0.000000	92.700000,-13.120000,0.000000
19.21936	19.520000,-81.930000,0.000000	98.160000,6.450000,0.000000	94.460000,-11.210000,0.000000	92.430000,-7.330000,0.000000	92.700000,-13.120000,0.000000
19.22144	19.520000,-82.150000,0.000000	98.280000,6.670000,0.000000	94.490000,-11.420000,0.000000	92.430000,-7.330000,0.000000	92.700000,-13.120000,0.000000
19.28048	19.370000,-82.420000,0.000000	98.300000,6.870000,0.000000	94.500000,-11.580000,0.000000	92.430000,-7.330000,0.000000	92.700000,-13.120000,0.000000
19.33402	19.720000,-82.600000,0.000000	98.250000,7.040000,0.000000	94.560000,-11.860000,0.000000	92.430000,-7.330000,0.000000	92.700000,-13.120000,0.000000
19.40004	19.930000,-82.740000,0.000000	98.300000,7.330000,0.000000	94.460000,-11.910000,0.000000	92.430000,-7.330000,0.000000	92.700000,-13.120000,0.000000
19.40308	19.710000,-82.910000,0.000000	98.350000,7.490000,0.000000	94.430000,-11.990000,0.000000	92.430000,-7.330000,0.000000	92.700000,-13.120000,0.000000
19.45170	18.770000,-82.990000,0.000000	98.280000,7.570000,0.000000	94.350000,-12.150000,0.000000	92.430000,-7.330000,0.000000	92.700000,-13.120000,0.000000
19.51725	19.960000,-83.120000,0.000000	98.230000,7.700000,0.000000	94.280000,-12.300000,0.000000	92.430000,-7.330000,0.000000	92.700000,-13.120000,0.000000
19.58056	20.390000,-83.290000,0.000000	98.190000,7.860000,0.000000	94.210000,-12.270000,0.000000	92.430000,-7.330000,0.000000	92.700000,-13.120000,0.000000
19.58468	21.560000,-83.530000,0.000000	98.130000,8.070000,0.000000	94.140000,-12.020000,0.000000	92.430000,-7.330000,0.000000	92.700000,-13.120000,0.000000
19.63454	21.540000,-83.690000,0.000000	98.050000,8.230000,0.000000	94.080000,-11.930000,0.000000	92.430000,-7.330000,0.000000	92.700000,-13.120000,0.000000
19.69942	21.290000,-83.890000,0.000000	98.000000,8.200000,0.000000	93.910000,-11.980000,0.000000	92.430000,-7.330000,0.000000	92.700000,-13.120000,0.000000
19.75144	20.330000,-84.030000,0.000000	97.930000,8.150000,0.000000	93.820000,-12.140000,0.000000	92.430000,-7.330000,0.000000	92.700000,-13.120000,0.000000
19.76378	19.720000,-83.990000,0.000000	97.920000,8.190000,0.000000	93.790000,-12.190000,0.000000	92.430000,-7.330000,0.000000	92.700000,-13.120000,0.000000
19.87240	19.870000,-84.020000,0.000000	97.860000,8.280000,0.000000	93.710000,-12.150000,0.000000	92.430000,-7.330000,0.000000	92.700000,-13.120000,0.000000
19.87444	20.030000,-84.120000,0.000000	97.840000,8.480000,0.000000	93.620000,-11.910000,0.000000	92.430000,-7.330000,0.000000	92.700000,-13.120000,0.000000
19.93513	20.520000,-84.200000,0.000000	97.730000,8.660000,0.000000	93.530000,-11.780000,0.000000	92.430000,-7.330000,0.000000	92.700000,-13.120000,0.000000
19.94202	21.030000,-84.250000,0.000000	97.710000,8.720000,0.000000	93.390000,-11.590000,0.000000	92.430000,-7.330000,0.000000	92.700000,-13.120000,0.000000
20.00133	20.640000,-84.330000,0.000000	97.670000,8.680000,0.000000	93.340000,-11.590000,0.000000	92.430000,-7.330000,0.000000	92.700000,-13.120000,0.000000
